93650   1054.6         247.964        953.222        199.949        
93651   1079.69        258.307        933.397        184.852        
93652   1053.15        252.484        950.724        198.371        
93653   1025.94        246.939        953.936        200.496        
93654   1028.21        237.525        962.188        198.428        
93655   1030.36        241.825        954.405        197.23         
93656   1018.33        238.207        1006.99        219.082        
93657   1010.68        230.575        958.881        201.52         
93658   1020.84        238.376        966.496        201.55         
93659   993.84         222.216        945.392        195.143        
93660   1015.8         232.63         951.54         195.658        
93661   982.231        219.127        967.126        203.778        
93662   1089.11        266.88         967.659        200.739        
93663   1095.61        262.918        940.181        190.761        
93664   1061.04        267.19         909.956        176.16         
93665   1074.58        263.288        916.952        182.696        
93667   1054.1         267.583        962.204        202.282        
93668   1009.89        230.028        939.916        190.668        
93670   975.939        220.146        960.523        199.19         
93671   986.302        220.44         938.411        192.187        
93672   1050.89        248.347        948.172        192.801        
93673   1044.65        247.112        953.065        198.6          
93674   969.79         207.331        1007.14        218.847        
93675   1009.55        236.499        959.828        200.2          
93676   1009.62        230.234        976.207        204.236        
93679   1021.29        244.787        970.024        201.842        
93680   1044.64        251.674        961.016        198.086        
93681   1012.23        233.849        954.248        196.584        
93682   1091.7         266.001        955.475        195.167        
93683   1065.64        254.279        978.299        205.546        
93684   1090.57        267.018        953.256        196.533        
93685   996.415        224.794        966.428        203.821        
93686   987.764        222.811        955.636        197.473        
93687   985.14         222.335        953.419        197.55         
93688   940.844        201.698        1026.78        228.268        
93689   1038.99        240.962        963.346        198.309        
93690   1036.61        247.392        956.949        198.291        
93691   1021.66        235.489        965.869        202.153        
93692   1008.38        229.432        959.868        200.628        
93695   1018.6         234.543        958.23         198.64         
93696   1028.18        239.451        953.092        195.718        
93697   1038.61        252.836        955.051        196.372        
93698   1085.13        260.42         950.411        193.654        
93576   1189.94        323.381        955.1          192.815        
93577   769.331        345.09         845.162        319.25         
93579   1061.48        251.598        1017.6         225.051        
93584   1284.93        311.908        932.09         167.081        
93585   1143.16        281.222        951.199        188.982        
93586   1136.4         302.553        1016.75        219.689        
93587   1131.29        277.739        981.511        208.291        
93588   1087.8         234.767        1032.26        221.229        
93589   1081.09        230.204        1032.58        221.809        
93591   1103           257.213        993.08         213.213        
93592   1113.33        266.943        986.2          202.221        
93594   1101.8         258.243        998.843        207.942        
93595   1095.47        252.193        997.05         208.61         
93596   1155.91        339.429        971.189        197.079        
93597   235.901        42.5625        1006.36        211.741        
93598   1112.44        292.065        950.557        182.321        
93599   1077.7         248.055        986.906        204.454        
93600   1119.22        274.693        970.121        197.139        
93601   1100.28        275.267        976.416        207.285        
93602   1174.82        360.885        952.032        197.954        
93603   1142.22        277.842        954.798        196.354        
93605   1100.5         284.419        945.602        187.224        
93606   1141.52        279.51         957.299        199.138        
93607   1123.83        282.944        951.276        195.142        
93608   1100.58        257.161        955.506        192.818        
93609   1119.34        270.158        948.553        192.318        
93610   1097.17        265.281        983.406        207.356        
93611   1130.63        282.982        956.944        200.397        
93612   1097.22        266.218        969            200.345        
93613   1136.54        287.721        955.305        195.51         
93614   1142.23        278.948        950.025        196.182        
93616   1128.55        296.447        941.383        187.61         
93617   1121.34        267.569        942.655        188.295        
93618   1082.28        244.339        976.518        202.967        
93620   1105.06        258.726        974.53         206.687        
93621   1123.82        262.001        966.715        197.163        
93622   1105.33        257.995        971.373        202.681        
93623   1127.98        264.481        981.778        204.936        
93624   1128.34        264.235        977.802        205.107        
93625   1135.59        269.805        960.493        196.422        
93626   1068.12        222.666        1006.27        219.799        
93627   1106.65        291.979        986.695        210.052        
93628   1140.48        308.294        934.212        219.501        
93629   1114.99        289.823        970.913        196.661        
93630   1093.76        252.95         962.911        168.37         
93631   1151.42        281.177        1008.13        214.199        
93632   1144.09        274.852        981.683        201.533        
93633   1149.75        283.226        983.472        204.032        
93634   1134.1         302.197        986.288        211.729        
93635   1133.21        271.949        978.539        197.768        
93636   1142.15        283.708        985.34         196.991        
93637   1136.12        294.845        971.731        191.345        
93638   1132.21        280.958        958.162        192.407        
93639   1060.4         224.59         998.89         208.997        
93640   1086.35        251.115        1021.68        218.267        
93641   1108.31        263.697        998.199        213.985        
93642   1079.62        241.223        1035.37        231.284        
93643   1100.42        286.954        979.723        202.341        
93644   1178.07        294.649        952.488        191.884        
93645   1164.01        324.706        950.491        193.428        
93775   1006.19        227.553        960.464        203.754        
93776   1034.54        241.92         962.668        201.877        
93777   1055.32        253.692        936.601        188.807        
93778   1026.27        237.054        938.942        193.355        
93779   1056.26        273.697        955.714        204.512        
93780   1032.89        239.326        956.463        198.637        
93781   1062.99        252.699        941.993        195.36         
93782   1065.88        253.235        943.325        196.358        
93783   1012           552.867        969.04         224.015        
93784   1051.95        257.424        942.506        194.436        
93785   1081.6         312.894        916.88         178.843        
93699   1115.92        261.049        936.104        193.164        
93703   2433.77        842.657        897.07         153.572        
93708   1088.08        246.576        915.37         179.086        
93709   1097.75        263.805        957.143        203.918        
93710   1202.08        294.066        922.494        182.257        
93711   1215.29        337.978        956.118        206.737        
93712   -1149.84       514.238        942.19         184.92         
93713   1182.14        290.014        931.369        175.78         
93714   1161.96        288.857        947.162        191.208        
93715   1167.95        290.718        948.145        190.369        
93716   1166.02        288.833        946.516        191.893        
93717   1174.01        293.401        952.343        193.636        
93718   1150.31        282.196        937.269        189.985        
93719   1193.53        434.739        936.748        185.215        
93720   1194.32        340.117        946.115        191.202        
93721   1108.96        273.892        956.159        196.59         
93722   1192.52        404.022        -738.262       324.344        
93723   1114.32        294.201        943.819        185.4          
93724   1208.1         329.572        942.416        189.191        
93725   1199.99        309.198        950.992        192.304        
93726   1220.81        333.77         935.481        181.431        
93727   1184.47        285.26         931.79         180.384        
