93645   -24.0162-0.00210871    2.00862e-05    0.00307566     0.000131662    
93699   -26.0029-0.00135961    1.60566e-05    0.0024206      0.000131985    
93703   -26.003 -0.00141906    7.10811e-05    0.00162769     0.000597455    
93708   -26.003 -0.00136263    1.68858e-05    0.00204649     8.41143e-05    
93737   -26.0031-0.00127886    1.94876e-05    0.00227141     8.83617e-05    
93748   -26.003 -0.00129173    1.37942e-05    0.00197848     7.02251e-05    
94056   -28.0037-0.000591264   2.46871e-05    0.0022168      7.87434e-05    
93822   -28.0037-0.00069925    7.8019e-05     0.00229389     0.000323778    
93852   -28.0037-0.000785046   7.11963e-05    0.00233234     0.000469324    
93853   -28.0037-0.000690264   4.38488e-05    0.00234808     0.000191551    
93854   -28.0037-0.000770367   5.25267e-05    0.00242353     0.000275662    
93866   -28.0037-0.000849081   3.6355e-05     0.0019709      0.000125359    
93869   -28.0038-0.000953153   6.95928e-05    0.00190527     0.000163615    
93872   -28.0038-0.000835037   8.02812e-05    0.00201993     0.000181986    
93916   -28.0039-0.000884409   6.09953e-05    0.00194766     0.000235387    
3152    23.8912 -0.00323114    3.61434e-06    0.00572615     8.70826e-06    
3123    25.952  -0.00398227    3.71782e-06    0.00544241     8.06166e-06    
3170    28.0063 -0.00442275    5.67988e-06    0.00518504     1.17602e-05    
3128    30.0011 -0.00374571    7.07697e-06    0.00440754     1.31075e-05    
93112   -42.0246-0.00329363    3.84373e-05    0.00218001     5.07758e-05    
93031   -42.0247-0.00339266    7.50339e-05    0.00207645     0.000102219    
93032   -42.0247-0.00342313    2.32935e-05    0.0020855      3.05204e-05    
93087   -42.0247-0.00341344    3.5096e-05     0.00208858     4.43968e-05    
93130   -42.0247-0.00302221    2.91814e-05    0.00261152     3.70357e-05    
93142   -42.0246-0.00304432    2.36133e-05    0.00254598     3.10403e-05    
939     22.0008 0.000338661    9.08355e-06    0.00232929     2.63092e-05    
940     22.0008 0.000440539    5.0915e-06     0.00239748     1.45035e-05    
865     17.0054 -0.000290728   2.46631e-06    0.00579072     1.19635e-05    
866     17.0054 -0.00026142    5.61609e-06    0.00564432     2.50388e-05    
867     17.0054 -0.000243482   3.76916e-06    0.00560399     1.63358e-05    
