830  2217.86
831  2217.86
832  2217.86
833  2217.14
834  2217.12
835  2217.1
836  2217.18
837  2217.17
838  2217.03
839  2217.86
840  2216.79
841  2217.86
842  2217.01
843  2216.9
844  2216.92
846  2216.85
848  2216.86
849  2216.84
850  2216.83
851  2216.68
853  2216.65
854  2216.69
855  2217.86
856  2216.69
857  2216.82
858  2216.63
859  2216.41
860  2216.37
861  2216.36
862  2216.34
863  2216.37
864  2216.54
865  2216.79
866  2217.86
867  2216.83
868  2216.67
869  2216.98
870  2217.86
871  2217.21
872  2217.28
873  2217.24
874  2217.26
875  2217.86
876  2217.44
877  2217.86
878  2217.86
879  2217.86
880  2217.68
881  2217.86
882  2217.86
883  2217.02
884  2217.86
885  2217.26
886  2217.27
887  2217.29
888  2217.25
889  2217.28
890  2217.23
891  2217.86
892  2217.86
893  2217.3
894  2217.25
895  2217.14
896  2216.98
897  2217.08
898  2217.03
899  2217.03
900  2217.01
901  2217.86
902  2216.98
903  2217.12
904  2217.05
905  2217.19
907  2217.41
908  2217.52
909  2217.34
910  2217.45
911  2217.39
912  2217.14
913  2217.36
914  2217.41
915  2217.15
916  2217.43
917  2217.55
918  2217.49
919  2217.28
920  2217.86
921  2217.43
922  2217.42
923  2217.4
924  2217.37
925  2217.15
926  2217.2
927  2217.27
928  2217.24
929  2217.26
930  2217.13
931  2217.26
932  2217.86
933  2217.4
934  2217.36
935  2217.86
936  2217.25
937  2217.23
938  2217.17
939  2217.29
93027  2218.26
93028  2217.7064
93029  2217.9846
93030  2217.7725
93031  2217.9681
93032  2217.858
93033  2217.8463
93034  2217.813
93035  2217.77
93036  2217.8358
93037  2218.26
93038  2217.7867
93039  2218.26
93040  2217.803
93041  2218.0882
93042  2217.8616
93043  2217.8524
93044  2218.0722
93045  2218.0604
93046  2217.8402
93047  2217.8344
93048  2217.8682
93049  2217.876
93050  2217.8995
93051  2217.8301
93052  2217.9818
93053  2217.6615
93054  2217.7256
93055  2217.7257
93056  2217.7203
93057  2217.7618
93058  2217.7317
93059  2217.7309
93060  2217.7614
93061  2217.7631
93062  2217.7156
93063  2217.7029
93064  2217.7002
93065  2217.7694
93066  2218.26
93067  2217.8809
93068  2217.9243
93069  2217.7268
93070  2217.738
93071  2217.7509
93072  2217.7427
93073  2217.7415
93074  2217.706
93075  2217.6987
93076  2217.7194
93077  2217.7096
93078  2217.7144
93079  2217.736
93080  2217.7081
93081  2217.6982
93082  2217.7909
93083  2218.26
93084  2217.8041
93085  2217.7275
93086  2217.7339
93087  2217.8373
93088  2217.7208
93089  2217.7145
93090  2217.6985
93091  2217.6938
93092  2217.6971
93093  2217.6916
93094  2217.7113
93095  2217.7223
93096  2217.7391
93097  2217.7392
93098  2217.7188
93099  2217.6943
93100  2217.6832
93101  2217.705
93102  2217.6973
93103  2217.6799
93104  2217.6836
93105  2217.6873
93106  2217.7116
93107  2217.7358
93108  2217.7297
93109  2217.7222
93110  2217.7604
93111  2217.8092
93112  2217.74
93113  2217.7378
93114  2217.8424
93115  2217.8607
93116  2217.7915
93117  2217.7623
93118  2217.7887
93119  2217.9623
93120  2217.705
93121  2217.8103
93122  2217.7802
93123  2217.7021
93124  2217.76
93125  2217.71
93126  2217.776
93127  2217.8137
93128  2217.9929
93129  2217.6689
93130  2217.7907
93131  2217.7396
93132  2217.7701
93133  2217.7396
93134  2217.7792
93135  2217.8745
93136  2217.8293
93137  2217.7931
93138  2217.7311
93139  2217.6913
93140  2217.6689
93141  2217.6971
93142  2217.7656
93143  2217.7859
93144  2217.8167
93145  2217.8517
93146  2217.71
93147  2217.7832
93148  2217.6782
3040  2217.78862275449
3041  2218.26866267465
3042  2218.26
3043  2217.83053892216
3044  2217.74001996008
3045  2217.90469061876
3046  2217.79461077844
3047  2217.75309381237
3048  2217.71477045908
3049  2217.74241516966
3050  2217.85089820359
3051  2218.29011976048
3052  2218.30798403194
3053  2218.26506986028
3054  2218.19770459082
3055  2218.1255489022
3056  2218.1871257485
3057  2218.23912175649
3058  2218.14840319361
3059  2217.83902195609
3060  2217.88552894212
3061  2217.91097804391
3062  2217.77045908184
3063  2217.75688622754
3064  2218.33542914172
3065  2217.7876247505
3066  2217.82395209581
3067  2217.81477045908
3068  2217.79920159681
3069  2217.78502994012
3070  2217.82435129741
3071  2217.75289421158
3072  2217.89071856287
3073  2218.00518962076
3074  2217.95139720559
3075  2217.64201596806
3076  2217.70409181637
3077  2217.73133732535
3078  2217.72145708583
3079  2217.72065868263
3080  2217.72984031936
3081  2217.75179640719
3082  2217.76087824351
3083  2217.73303393214
3084  2217.73642714571
3085  2217.75638722555
3086  2217.70798403194
3087  2217.82395209581
3088  2217.72365269461
3089  2217.73842315369
3090  2217.72904191617
3091  2217.73512974052
3092  2217.7251497006
3093  2217.70479041916
3094  2217.72874251497
3095  2217.7120758483
3096  2217.7125748503
3097  2217.75808383234
3098  2217.75
3099  2217.79281437126
3100  2218.25998003992
3101  2217.77135728543
3102  2217.75848303393
3103  2217.74131736527
3104  2217.75698602794
3105  2217.73682634731
3106  2217.7381237525
3107  2217.73662674651
3108  2217.75299401198
3109  2217.72774451098
3110  2217.71566866267
3111  2217.73053892216
3112  2217.70369261477
3113  2217.71017964072
3114  2217.70489021956
3115  2217.70508982036
3116  2217.71127744511
3117  2217.75848303393
3118  2217.75948103792
3119  2217.73003992016
3120  2217.774750499
3121  2217.73972055888
3122  2217.724750499
3123  2217.75578842315
3124  2217.74291417166
3125  2217.70608782435
3126  2217.68882235529
3127  2217.69550898204
3128  2217.69401197605
3129  2217.7129740519
3130  2217.71616766467
3131  2217.70718562874
3132  2217.71916167665
3133  2217.72574850299
3134  2217.74421157685
3135  2217.70658682635
3136  2217.73602794411
3137  2217.70089820359
3138  2217.69700598802
3139  2217.67634730539
3140  2217.67385229541
3141  2217.68622754491
3142  2217.70379241517
3143  2217.67924151697
3144  2217.68243512974
3145  2217.70728542914
3146  2217.76327345309
3147  2217.724750499
3148  2217.72834331337
3149  2217.7127744511
3150  2217.78233532934
3151  2217.83383233533
3152  2217.73872255489
3153  2217.76467065868
3154  2217.79471057884
3155  2217.78413173653
3156  2217.78433133733
3157  2218.26
3158  2217.73642714571
3159  2217.74251497006
3160  2217.69510978044
3161  2217.75638722555
3162  2217.78512974052
3163  2217.68912175649
3164  2217.76856287425
3165  2217.78003992016
3166  2217.74191616766
3167  2217.79890219561
3168  2217.78962075848
3169  2217.82884231537
3170  2217.79660678643
3171  2217.72764471058
3172  2217.78083832335
3173  2217.74810379241
3174  2217.81397205589
3175  2217.81477045908
3176  2217.78972055888
3177  2217.79351297405
3178  2217.7618762475
3179  2217.68263473054
3180  2217.66716566866
3181  2217.67065868263
3182  2217.78023952096
3183  2217.77624750499
3184  2217.79451097804
3185  2217.79710578842
3186  2217.96596806387
3187  2217.74910179641
3188  2217.70339321357
93518  4309.12
93519  4309.12
93520  4312.66
93521  4312.6
93522  4312.52
93523  4312.69
93524  4312.76
93525  4311.92
93526  4311.92
93527  4311.92
93528  4311.92
93529  4313.3
93530  4312.87
93531  4311.92
93532  4313.37
93533  4312.6179
93534  4313.0003
93535  4313.3194
93536  4313.0156
93537  4313.3685
93538  4313.3865
93539  4313.413
93540  4313.1776
93541  4312.9079
93542  4313.3904
93543  4313.3518
93544  4313.3203
93545  4312.9951
93546  4313.0438
93547  4312.9689
93548  4313.0196
93549  4313.2727
93550  4313.1975
93551  4313.5495
93552  4311.92
93553  4311.92
93554  4311.92
93555  4312.74
93556  4313.0675
93557  4312.724
93558  4313.62
93559  4313.1049
93560  4312.7133
93561  4312.825
93562  4313.29
93563  4313.195
93564  4313.219
93565  4313.0083
93566  4313.3
93567  4313.285
93568  4313.3191
93569  4311.92
93570  4313.2496
93571  4313.3433
93572  4311.92
93573  4312.89
93574  4313.2128
93575  4312.7962
93576  4313.0815
93577  4312.445
93578  4312.9975
93579  4313.0828
93580  4312.8706
93581  4313.0097
93582  4313.2215
93583  4312.9243
93584  4311.92
93585  4312.8008
93586  4312.6531
93587  4312.7072
93588  4312.5327
93589  4312.403
93590  4311.92
93591  4312.9039
93592  4312.9006
93593  4311.9573
93594  4312.322
93595  4312.3084
93596  4312.2402
93597  4312.1308
93598  4312.2184
93599  4312.1782
93600  4312.1285
93601  4312.1728
93602  4312.195
93603  4312.2004
93604  4311.92
93605  4312.247
93606  4312.2062
93607  4312.2474
93608  4312.2052
93609  4312.3141
93610  4312.162
93611  4312.3546
93612  4312.4282
93613  4312.4375
93614  4312.2306
93615  4311.32
93616  4311.9669
93617  4312.3439
93618  4312.323
93619  4311.92
93620  4312.1815
93621  4312.1428
93622  4312.3222
93623  4312.1512
93624  4312.212
93625  4311.9966
93626  4312.1399
93627  4312.0831
93628  4312.0578
93629  4312.0354
93630  4312.2707
93631  4311.9651
93632  4311.8636
93633  4311.8063
93634  4311.6963
93635  4311.9546
93636  4311.8735
93637  4311.7713
93638  4311.9
93639  4311.9388
93640  4312.5601
93641  4312.041
93642  4312.1593
93643  4312.1767
93644  4312.3325
93645  4312.1542
93646  4312.1872
93647  4312.3521
93648  4311.92
93649  4312.5398
93650  4312.4609
93651  4312.2949
93652  4312.2267
93653  4312.3774
93654  4312.3248
93655  4312.2184
93656  4312.2601
93657  4312.254
93658  4312.318
93659  4312.3553
93660  4312.3887
93661  4312.4008
93662  4312.3288
93663  4312.3464
93664  4312.2046
93665  4312.1805
93666  4312.2768
93667  4312.3387
93668  4312.2951
93669  4312.3037
93670  4312.3053
93671  4312.3126
93672  4312.3242
93673  4312.2975
93674  4312.3995
93675  4312.3173
93676  4312.4873
93677  4311.92
93678  4312.39
93679  4312.391
93680  4312.3504
93681  4312.2577
93682  4312.2418
93683  4312.2968
93684  4312.4742
93685  4312.4231
93686  4312.427
93687  4312.3812
93688  4312.3737
93689  4312.343
93690  4312.3338
93691  4312.335
93692  4312.2732
93693  4312.32
93694  4311.7034
93695  4311.698
93696  4312.3305
93697  4312.1932
93698  4312.478
93699  4312.6313
93700  4312.452
93701  4312.5454
93702  4312.6272
93703  4312.9626
93704  4312.32
93705  4312.32
93706  4313.0056
93707  4312.32
93708  4312.8849
93709  4312.7455
93710  4312.8402
93711  4312.8164
93712  4312.7955
93713  4312.8931
93714  4312.7795
93715  4312.7816
93716  4312.7915
93717  4312.7221
93718  4312.6895
93719  4312.6816
93720  4312.6688
93721  4312.5925
93722  4312.6353
93723  4312.5276
93724  4312.5323
93725  4312.5513
93726  4312.5299
93727  4312.4811
93728  4312.4691
93729  4312.4667
93730  4312.5343
93731  4312.4906
93732  4312.5714
93733  4312.5671
93734  4312.5338
93735  4312.4068
93736  4312.5996
93737  4312.5841
93738  4312.5112
93739  4312.4901
93740  4312.3696
93741  4312.3977
93742  4312.3508
93743  4312.3627
93744  4312.3405
93745  4312.3
93746  4312.2732
93747  4312.299
93748  4312.2941
93749  4312.2692
93750  4312.7889
93751  4312.6248
93752  4312.6103
93753  4312.6167
93754  4312.5405
93755  4312.32
93756  4312.32
93757  4312.32
93758  4312.32
93759  4312.32
93760  4312.7119
93761  4312.572
93762  4312.9113
93763  4313.0075
93764  4313.0578
93765  4312.9669
93766  4312.536
93767  4312.2595
93768  4312.2355
93769  4312.2667
93770  4312.2785
93771  4312.3136
93772  4312.3586
93773  4312.6838
93774  4313.3214
93775  4313.3838
93776  4313.439
93777  4313.2036
93778  4313.3554
93779  4313.4316
93780  4313.2883
93781  4313.1075
93782  4313.431
93783  4313.5609
93784  4313.3487
93785  4312.718
93786  4312.32
93787  4312.32
93788  4312.32
93789  4312.32
93790  4312.32
93791  4312.32
93792  4312.32
93793  4312.32
93794  4312.32
93795  4312.32
93796  4312.32
93797  4312.32
93798  4312.32
93799  4312.32
93800  4312.32
93801  4312.32
93802  4312.32
93803  4312.32
93804  4312.32
93805  4312.32
93806  4312.32
93807  4312.32
93808  4312.32
93809  4312.32
93810  4312.32
93811  4312.32
93812  4312.32
93813  4312.32
93814  4312.7678
93815  4312.7223
93816  4312.315
93817  4313.2845
93818  4312.32
93819  4318.86
93820  4312.7975
93821  4312.7349
93822  4312.8731
93823  4312.8659
93824  4312.8035
93825  4312.32
93826  4312.6373
93827  4312.714
93828  4312.814
93829  4312.6668
93830  4312.6198
93831  4312.7355
93832  4312.8364
93833  4312.9159
93834  4312.8473
93835  4312.362
93836  4312.7182
93837  4312.32
93838  4312.9402
93839  4312.6813
93840  4312.7769
93841  4312.32
93842  4312.4667
93843  4312.7438
93844  4312.7163
93845  4312.32
93846  4312.6364
93847  4312.7634
93848  4312.56
93849  4312.2023
93850  4312.3994
93851  4312.4083
93852  4312.388
93853  4312.3413
93854  4312.6009
93855  4312.5951
93856  4312.3172
93857  4312.6865
93858  4312.4214
93859  4312.3201
93860  4312.2691
93861  4312.294
93862  4312.2963
93863  4313.0903
93864  4312.4543
93865  4312.3306
93866  4312.4141
93867  4312.5683
93868  4312.5372
93869  4312.7012
93870  4312.32
93871  4312.0
93872  4311.9098
93873  4312.0592
93874  4311.8882
93875  4312.3174
93876  4312.9766
93877  4312.9759
93878  4313.0219
93879  4312.971
93880  4312.9588
93881  4312.9642
93882  4313.0343
93883  4313.0954
93884  4312.7902
93885  4313.0343
93886  4313.0712
93887  4313.1388
93888  4312.291
93889  4313.0328
93890  4312.8844
93891  4312.8911
93892  4312.9087
93893  4312.7394
93894  4312.8782
93895  4312.7852
93896  4312.7132
93897  4312.32
93898  4312.7558
93899  4312.8913
93900  4312.9159
93901  4312.9154
93902  4312.9129
93903  4312.8498
93904  4312.7958
93905  4312.7513
93906  4312.8477
93907  4312.8104
93908  4312.7899
93909  4313.0542
93910  4312.9613
93911  4312.8943
93912  4313.0714
93913  4312.8053
93914  4312.2374
93915  4312.6989
93916  4312.8725
93917  4313.0105
93918  4313.071
93919  4313.12
93920  4313.12
93921  4313.12
93923  4313.12
93924  4313.12
93925  4313.12
93926  4313.12
93927  4313.12
93928  4313.12
93929  4313.12
93931  4313.12
93933  4313.12
93934  4313.12
93935  4313.12
93936  4312.9182
93937  4313.0968
93938  4312.9273
93939  4312.9399
93940  4313.0969
93941  4313.1028
93942  4313.1229
93943  4313.127
93944  4313.1193
93945  4313.12
93946  4313.12
93947  4313.12
93948  4313.12
93949  4313.12
93950  4313.12
93951  4313.12
93952  4313.12
93953  4313.12
93954  4313.12
93955  4313.12
93956  4313.12
93957  4313.12
93958  4313.12
93959  4313.12
93960  4313.12
93961  4313.12
93962  4313.12
93963  4313.12
93964  4313.12
93965  4313.12
93966  4313.12
93967  4313.12
93968  4313.2333
93969  4313.12
93970  4313.0766
93971  4313.2885
93972  4313.1428
93973  4313.162
93974  4313.34
93975  4313.2335
93976  4313.2189
93977  4313.12
93978  4313.0708
93979  4313.1361
93980  4313.031
93981  4312.9707
93982  4312.925
93983  4312.9914
93984  4313.001
93985  4312.988
93986  4313.0551
93987  4313.0523
93988  4313.1651
93989  4312.9982
93990  4312.988
93991  4313.1784
93992  4313.0209
93993  4313.342
93994  4312.9286
93995  4312.9038
93996  4313.0471
93997  4312.8931
93998  4312.9941
93999  4313.4919
94000  4313.2304
94001  4313.0649
94002  4312.9151
94003  4312.9467
94004  4313.12
94005  4313.12
94006  4313.12
94007  4313.0745
94008  4313.0855
94009  4313.0559
94010  4313.061
94011  4313.0845
94012  4313.0619
94013  4313.0712
94014  4313.0628
94015  4313.07
94016  4313.095
94017  4312.99
94018  4313.52
94019  4313.3127
94020  1167.79
94021  1167.79
94022  1167.79
94023  1167.79
94024  1167.94
94025  4312.6824
94026  4312.6965
94027  4312.78
94028  4312.708
94029  4312.73
94030  4312.7125
94031  4312.6576
94032  4312.65
94033  4312.7842
94034  4312.716
94035  4312.7048
94036  4312.6914
94037  4312.7082
94038  4312.6987
94039  4312.6908
94040  4312.6112
94041  4312.73
94042  4312.7033
94043  4312.7088
94044  4312.7037
94045  4312.7083
94046  4312.6892
94047  4312.7077
94048  4312.7007
94049  4312.7119
94050  4312.7057
94051  4312.6972
94052  4312.7034
94053  4312.6818
94054  4312.6973
94055  4312.7081
94056  4312.705
94057  4312.6948
94058  4312.69
94059  4312.73
94060  4312.7026
94061  4312.6959
94062  4312.7154
94063  4312.7112
94064  4312.7156
94065  4312.6926
94066  4312.6618
94067  4312.6849
94068  4312.6805
94069  4312.708
94070  4312.6936
94071  4312.6487
94072  4312.7273
94073  4312.3334
94074  4312.6614
94075  4312.7133
94076  4312.6946
94077  4312.688
94078  4312.7059
94079  4312.6228
94080  4312.8077
94081  4312.6917
94082  4312.6986
94083  4312.6683
94084  4312.6735
94085  4312.7219
94086  4312.711
94087  4312.7154
94088  4312.7004
94089  4312.6865
94090  4312.7175
94091  4312.773
94092  4312.703
94093  4312.6989
94094  4312.7123
94095  4312.6904
94096  4312.676
94097  4312.69
94098  4312.7104
94099  4312.694
94100  4312.7115
94101  4312.7162
94102  4312.7132
94103  4312.6527
