93649   0.999058       0.999316       
93650   0.998859       0.99961        
93651   0.998901       0.9999         
93652   0.998922       0.999764       
93653   0.99891        0.9999         
93654   0.99873        0.999716       
93655   0.998654       0.998571       
93656   0.998869       0.999648       
93657   0.998977       0.999123       
93658   0.99873        0.999406       
93659   0.998967       0.999131       
93660   0.998105       0.9999         
93661   0.999028       0.999863       
93662   0.998842       0.9999         
93667   0.998989       0.999548       
93668   0.998831       0.999849       
93670   0.998937       0.999386       
93671   0.998788       0.999385       
93672   0.99916        0.999765       
93673   0.999101       0.999221       
93674   0.998442       0.9999         
93675   0.998802       0.999609       
93676   0.998778       0.9999         
93679   0.998806       0.999365       
93680   0.998858       0.999561       
93681   0.998949       0.999543       
93682   0.998762       0.999766       
93683   0.998762       0.999494       
93684   0.999022       0.999432       
93685   0.998911       0.999872       
93686   0.998848       0.9999         
93687   0.99891        0.999867       
93688   0.998894       0.999698       
93689   0.998942       0.999657       
93690   0.99919        0.999671       
93691   0.99884        0.999256       
93692   0.998794       0.99974        
93695   0.998907       0.9999         
93696   0.998882       0.999785       
93697   0.998734       0.999657       
93698   0.998738       0.9999         
93592   0.999366       0.9999         
93594   0.998998       0.9999         
93595   0.999049       0.999427       
93596   0.998873       0.9999         
93598   0.999187       0.9999         
93599   0.999171       0.9999         
93600   0.999306       0.9999         
93601   0.998853       0.999052       
93602   0.99882        0.9999         
93603   0.999167       0.999113       
93605   0.998775       0.9999         
93606   0.999211       0.999436       
93607   0.999201       0.999501       
93608   0.999105       0.999394       
93610   0.998829       0.999057       
93611   0.999196       0.9999         
93612   0.99905        0.9999         
93613   0.998999       0.999722       
93614   0.999024       0.999035       
93616   0.999089       0.998985       
93617   0.999211       0.9999         
93618   0.999149       0.998451       
93620   0.998877       0.999597       
93621   0.999043       0.999209       
93622   0.998913       0.9993         
93623   0.998889       0.998794       
93624   0.999036       0.999096       
93625   0.999005       0.9999         
93626   0.99883        0.998715       
93627   0.999227       0.99963        
93628   0.999312       0.9999         
93629   0.998833       0.998874       
93635   0.99908        0.998197       
93638   0.999015       0.9999         
93641   0.998999       0.9999         
93642   0.998781       0.9999         
93643   0.999051       0.9999         
93775   0.998917       0.999659       
93776   0.998753       0.99949        
93777   0.998798       0.999425       
93778   0.99891        0.999385       
93779   0.998874       0.999703       
93780   0.998649       0.9999         
93781   0.99888        0.9999         
93782   0.998919       0.999236       
93783   0.998707       0.9999         
93784   0.999007       0.999515       
93785   0.998977       0.999731       
93710   0.99877        0.9999         
93711   0.998705       0.9999         
93712   0.998867       0.999565       
93713   0.998812       0.9999         
93714   0.99908        0.999424       
93715   0.999036       0.999466       
93716   0.998702       0.9999         
93717   0.999193       0.9999         
93718   0.999152       0.999255       
93719   0.998826       0.9999         
93720   0.999305       0.999643       
93721   0.998972       0.999697       
93722   0.998886       0.9999         
93723   0.998663       0.999          
93724   0.998949       0.999681       
93725   0.998762       0.999569       
93726   0.998864       0.999618       
93727   0.998946       0.999537       
93728   0.998733       0.999511       
93730   0.999166       0.999615       
93733   0.998613       0.999513       
93734   0.998954       0.999448       
93739   0.999393       0.9999         
93740   0.998996       0.9999         
93742   0.998932       0.999319       
93743   0.998608       0.9999         
93744   0.998855       0.999271       
93745   0.999394       0.9999         
93746   0.999026       0.9999         
93747   0.998767       0.999439       
93751   0.999407       0.9999         
93753   0.999159       0.9999         
93754   0.999258       0.9999         
93761   0.999153       0.997913       
93762   0.998581       0.9999         
93765   0.99908        0.999074       
93766   0.998845       0.9999         
93767   0.999313       0.999581       
93768   0.998771       0.998834       
93769   0.998818       0.9999         
93770   0.999075       0.99943        
93771   0.998862       0.999664       
93772   0.999044       0.999387       
93773   0.998775       0.9999         
93987   0.998883       0.999772       
93988   0.998594       0.998776       
93989   0.999251       0.9999         
93990   0.998833       0.999403       
93991   0.998955       0.999712       
93992   0.998827       0.999424       
93993   0.998852       0.9999         
93994   0.999185       0.999032       
93995   0.999093       0.99978        
93996   0.999145       0.9999         
93997   0.998422       0.999435       
93998   0.998931       0.999423       
93999   0.998617       0.999258       
94002   0.998866       0.9999         
94010   0.998838       0.999564       
94011   0.99887        0.999696       
94012   0.998977       0.999519       
94013   0.998376       0.998957       
94014   0.998232       0.9999         
94025   0.999316       0.9999         
94026   0.999048       0.99895        
94034   0.999004       0.9999         
94037   0.998794       0.999401       
94038   0.998658       0.998643       
94039   0.999276       0.9999         
94042   0.998228       0.9999         
94043   0.998872       0.9999         
94044   0.998914       0.999399       
94045   0.99931        0.999348       
94046   0.998854       0.9999         
94047   0.998944       0.9999         
94048   0.99885        0.9999         
94049   0.998732       0.9999         
94050   0.998958       0.999571       
94051   0.998923       0.999199       
94052   0.998321       0.999464       
94054   0.998532       0.998392       
94055   0.999511       0.9999         
94057   0.998753       0.999596       
94058   0.999157       0.998966       
94060   0.998953       0.999506       
94061   0.998205       0.9999         
94062   0.998751       0.9999         
94063   0.999141       0.999556       
94064   0.998554       0.9999         
94065   0.998789       0.9999         
94066   0.998814       0.998907       
93823   1              0.998945       
93828   0.998286       0.998907       
93829   0.998733       0.99974        
93830   0.998058       0.9999         
93831   0.998561       0.996891       
93832   0.99932        0.999069       
93833   0.998884       0.9999         
93834   1              0.9999         
93835   0.999313       0.9999         
93836   0.999011       0.9999         
93839   0.998432       0.99799        
93846   0.999442       0.999244       
93847   0.998761       0.9999         
93849   1              0.9999         
93851   0.999317       0.9999         
93855   0.999246       0.998942       
93856   0.99887        0.9999         
93857   0.998834       0.9999         
93858   0.999607       0.9999         
93859   0.999164       0.9999         
93860   0.998342       0.9999         
93861   0.999029       0.998377       
93862   0.9981         0.9999         
93863   0.999597       0.9999         
93864   0.998853       0.9999         
93865   0.998238       0.999574       
93867   0.998924       0.999025       
93868   0.998146       0.9999         
93874   1              0.9999         
93875   0.998649       0.9999         
93876   0.998927       0.9999         
93877   0.998124       0.9999         
93878   1              0.99851        
93879   0.998007       0.9999         
93881   0.999521       0.997561       
93882   0.999186       0.9999         
93883   0.999675       0.999021       
93884   0.99899        0.9999         
93885   0.999012       0.9999         
93886   0.999033       0.999069       
93887   0.998632       0.9999         
93889   0.999547       0.999377       
93890   0.999161       0.999216       
93891   0.998934       0.9999         
93892   0.998912       0.9999         
93893   0.998906       0.9999         
93895   0.998959       0.999055       
93896   1              0.9999         
93899   1              0.9999         
93900   0.997433       0.9999         
93901   0.998689       0.9999         
93902   0.99887        0.999238       
93903   1              0.9999         
93904   0.99865        0.999319       
93905   0.9989         0.9999         
93906   0.99951        0.998753       
93907   0.999246       0.997914       
93908   0.998765       0.9988         
93937   1              0.9999         
93938   0.99878        0.9999         
93940   0.998456       0.9999         
93941   0.999255       0.9999         
93943   0.999699       0.99766        
93944   0.998104       0.9999         
93973   0.999244       0.999618       
93975   0.996736       0.9999         
93976   0.999227       0.9999         
93978   0.998602       0.999584       
93979   0.998478       0.9999         
93980   0.999263       0.9999         
93981   0.999415       0.9999         
93982   0.999473       0.998617       
93983   0.999062       0.9999         
93984   1              0.998419       
93985   0.999095       0.9999         
3079    0.999133       0.997531       
3080    0.999194       0.9999         
3081    0.999096       0.9999         
3082    0.999095       0.99957        
3083    0.999121       0.9999         
3084    0.999138       0.9999         
3085    0.998937       0.9999         
3088    0.999019       0.662007       
3089    0.999033       0.568459       
3090    0.998979       0.485834       
3091    0.998944       0.505087       
3096    0.998968       0.9999         
3097    0.998971       0.9999         
3099    0.99894        0.995951       
3104    0.998864       0.999766       
3105    0.998881       0.999839       
3106    0.998898       0.99968        
3107    0.99886        0.9999         
3108    0.998987       0.999357       
3109    0.998896       0.9999         
3110    0.998798       0.999686       
3111    0.998657       0.9999         
3154    0.999125       0.9999         
3155    0.99918        0.999718       
3156    0.999113       0.9999         
3157    0.998981       0.999807       
3158    0.999014       0.9999         
3159    0.999028       0.9999         
3160    0.99901        0.9999         
3161    0.998983       0.999864       
3162    0.999118       0.999542       
3163    0.99902        0.9999         
3164    0.998963       0.9999         
3166    0.998854       0.99976        
3167    0.99891        0.9999         
3112    0.999088       0.999523       
3113    0.999131       0.999399       
3114    0.999135       0.999463       
3115    0.999088       0.999828       
3116    0.998954       0.999926       
3117    0.999011       0.9999         
3118    0.999071       0.9999         
3120    0.99902        0.999822       
3121    0.999034       0.9999         
3124    0.998807       0.999797       
3125    0.998877       0.9999         
3126    0.998793       0.9999         
3127    0.998821       0.999682       
3171    0.998975       0.9999         
3172    0.998981       0.9999         
3173    0.999066       0.9999         
3174    0.998926       0.999586       
3175    0.999004       0.9999         
3176    0.998953       0.999858       
3177    0.999174       0.999702       
3178    0.998839       0.9999         
3179    0.998815       0.9999         
3180    0.998805       0.9999         
3181    0.998857       0.9999         
3131    0.998911       0.9999         
3132    0.999075       0.9999         
3133    0.999049       0.9999         
3134    0.999041       0.999888       
3135    0.998914       0.999943       
3136    0.998853       0.9999         
3137    0.999106       0.999748       
3138    0.998895       0.9999         
3139    0.999033       0.9999         
3140    0.99888        0.999708       
3141    0.998932       0.9999         
3142    0.998799       0.9999         
3143    0.998814       0.999947       
3144    0.998792       0.999762       
93093   1              0.996759       
93094   0.999752       0.999657       
93095   0.999934       0.999649       
93096   0.999628       0.999108       
93097   0.999747       0.999527       
93098   0.999696       0.9996         
93099   0.999787       0.9999         
93100   0.999685       0.999031       
93101   1              0.9999         
93102   1              0.9999         
93103   0.999652       0.999147       
93104   0.999734       0.998589       
93105   0.999578       0.999706       
93106   0.999695       0.999852       
93107   0.999723       0.9999         
93108   0.999758       0.999499       
93109   0.99984        0.999674       
93110   1              0.9999         
93114   0.998862       0.9999         
93115   1              0.998243       
93116   0.999786       0.999733       
93117   1              0.99891        
93118   1              0.999754       
93119   0.999687       0.9999         
93120   0.999795       0.9999         
93121   0.99974        0.999458       
93122   0.999788       0.998679       
93123   1              0.9999         
93045   0.999825       0.999601       
93046   0.999744       0.9999         
93047   0.999957       0.9999         
93051   0.999764       0.999465       
93052   0.999775       0.999614       
93055   0.999903       0.999433       
93056   1              0.9999         
93057   0.99942        0.999341       
93058   0.999383       0.999189       
93059   0.9998         0.999609       
93060   0.999634       0.999688       
93061   1              0.999345       
93064   0.999822       0.998797       
93065   0.999448       0.998934       
93071   0.999849       0.999541       
93073   0.999617       0.999429       
93074   0.999841       0.999807       
93075   1              0.9999         
93076   0.999825       0.999695       
93077   0.999709       0.999814       
93078   0.999798       0.999739       
93079   0.999485       0.9999         
93080   0.99963        0.999305       
93081   0.99976        0.9999         
93082   0.999784       0.99933        
93084   0.999635       0.999166       
93085   0.999291       0.9999         
93088   1              0.9999         
93089   0.999666       0.9999         
93090   0.999634       0.999485       
93091   0.999792       0.999342       
93126   0.999916       0.999577       
93127   0.999533       0.99981        
93131   1              0.9999         
93132   0.999636       0.9999         
93133   0.999838       0.999311       
93134   0.999684       0.999631       
93135   0.999793       0.999397       
93136   0.99939        0.999626       
93137   0.999932       0.9999         
93138   1              0.99843        
93139   1              0.9999         
93140   0.999455       0.9999         
93141   0.999585       0.999411       
93143   1              0.9999         
93144   0.999675       0.999434       
93145   0.999846       0.998909       
93147   0.999643       0.9999         
93148   1              0.999581       
891     0.999064       0.311284       
894     0.998981       0.261574       
895     0.99894        0.268662       
911     0.999082       0.37661        
912     0.998914       0.314552       
923     0.998948       0.371191       
933     0.998992       0.999697       
934     0.999011       0.999899       
935     0.998992       0.999846       
936     0.999112       0.9999         
938     0.999137       0.60941        
941     0.998968       0.9999         
942     0.998982       0.9999         
943     0.998981       0.9999         
944     0.998944       0.999861       
945     0.998918       0.999862       
946     0.998935       0.999915       
947     0.998959       0.999922       
