93649   21.9888        
93650   22.1753        
93651   22.2265        
93652   22.1389        
93653   21.9789        
93654   22.1822        
93655   22.096         
93656   22.2966        
93657   22.2532        
93658   22.3015        
93659   22.2559        
93660   22.2623        
93661   22.2805        
93662   22.2724        
93667   22.3349        
93668   22.3716        
93670   22.2858        
93671   21.9021        
93672   22.2373        
93673   22.1428        
93674   22.177         
93675   22.0785        
93676   22.127         
93679   22.2505        
93680   22.2091        
93681   22.1836        
93682   22.2602        
93683   22.3743        
93684   22.4661        
93685   22.1941        
93686   22.2107        
93687   22.3096        
93688   22.2691        
93689   22.2803        
93690   22.4729        
93691   22.3074        
93692   22.4207        
93695   22.3448        
93696   22.2563        
93697   22.2339        
93698   22.2157        
93592   19.9617        
93594   21.5256        
93595   21.6752        
93596   21.6533        
93598   21.5581        
93599   21.734         
93600   21.8949        
93601   21.8326        
93602   21.8348        
93603   21.8691        
93605   21.7449        
93606   21.8241        
93607   21.7188        
93608   21.6919        
93610   21.6642        
93611   21.5593        
93612   21.5663        
93613   21.4602        
93614   21.4094        
93616   21.2477        
93617   21.2799        
93618   21.542         
93620   21.4419        
93621   21.5075        
93622   21.6308        
93623   21.5444        
93624   21.5465        
93625   21.6956        
93626   21.7259        
93627   21.6574        
93628   21.847         
93629   21.787         
93635   21.6985        
93638   22.2189        
93641   22.16          
93642   22.1652        
93643   22.2072        
93775   22.0723        
93776   22.1456        
93777   22.1666        
93778   22.2486        
93779   22.0701        
93780   22.2524        
93781   22.2895        
93782   22.231         
93783   22.3075        
93784   22.266         
93785   22.3802        
93709   -nan           
93710   22.0454        
93711   21.9576        
93712   21.8844        
93713   21.987         
93714   22.0541        
93715   22.1286        
93716   22.0959        
93717   22.2058        
93718   22.0146        
93719   22.2841        
93720   22.0911        
93721   22.3037        
93722   22.4006        
93723   22.1733        
93724   22.2221        
93725   22.0675        
93726   22.3886        
93727   22.2216        
93728   22.2047        
93730   20.1055        
93733   22.3445        
93734   22.5259        
93739   22.2986        
93740   22.4631        
93742   22.1267        
93743   22.1749        
93744   22.2218        
93745   22.2243        
93746   22.3025        
93747   22.156         
93751   21.6207        
93753   21.5773        
93754   21.595         
93761   21.7748        
93762   21.792         
93765   21.8988        
93766   21.8993        
93767   21.9681        
93768   21.9831        
93769   21.8962        
93770   22.0534        
93771   22.4229        
93772   22.4299        
93773   22.2306        
93987   22.7711        
93988   22.504         
93989   22.3642        
93990   22.4373        
93991   22.4847        
93992   22.5142        
93993   22.6591        
93994   22.5853        
93995   22.5364        
93996   22.6746        
93997   22.7293        
93998   22.6919        
93999   22.7065        
94002   22.8976        
94010   22.6619        
94011   22.8393        
94012   22.8468        
94013   22.7316        
94014   22.9871        
94025   22.0971        
94026   22.3377        
94034   22.6913        
94037   22.0938        
94038   22.0746        
94039   22.011         
94042   21.9487        
94043   21.7673        
94044   21.9241        
94045   21.9392        
94046   21.858         
94047   21.9986        
94048   21.9801        
94049   22.0438        
94050   21.8799        
94051   21.9445        
94052   22.1705        
94054   21.8978        
94055   22.2365        
94057   22.1309        
94058   22.0261        
94060   22.061         
94061   22.0429        
94062   21.9746        
94063   22.0929        
94064   22.3778        
94065   21.9964        
94066   22.3662        
93823   22.2524        
93828   22.2814        
93829   22.2635        
93830   22.299         
93831   22.2787        
93832   22.1725        
93833   22.1572        
93834   21.8618        
93835   22.1111        
93836   22.0061        
93839   22.1131        
93846   22.0947        
93847   22.207         
93849   22.2152        
93851   22.1206        
93855   22.0392        
93856   22.0197        
93857   21.9824        
93858   22.0259        
93859   21.9766        
93860   22.0979        
93861   22.0764        
93862   22.1592        
93863   22.2441        
93864   22.1879        
93865   22.2958        
93867   22.4761        
93868   22.6058        
93874   22.5084        
93875   22.5898        
93876   22.5439        
93877   22.5999        
93878   22.4359        
93879   22.5587        
93881   22.6294        
93882   22.4837        
93883   22.524         
93884   22.6212        
93885   22.5178        
93886   22.5911        
93887   22.5184        
93889   22.5012        
93890   22.4898        
93891   22.4476        
93892   22.4034        
93893   22.4959        
93895   22.4274        
93896   22.5696        
93899   22.6179        
93900   22.7422        
93901   22.5844        
93902   22.5872        
93903   22.7723        
93904   22.698         
93905   22.6453        
93906   22.6399        
93907   22.5812        
93908   22.4724        
93937   22.0113        
93938   21.7983        
93940   21.8986        
93941   21.8284        
93942   -nan           
93943   21.9561        
93944   21.9139        
93973   22.1335        
93975   22.1815        
93976   22.0876        
93978   22.3488        
93979   22.2508        
93980   22.5066        
93981   22.4654        
93982   22.305         
93983   22.5246        
93984   22.3819        
93985   22.48          
3079    21.875         
3080    21.6151        
3081    21.9662        
3082    21.7714        
3083    21.7826        
3084    21.7915        
3085    21.6483        
3088    21.8063        
3089    21.8412        
3090    21.7214        
3091    21.5995        
3096    21.6014        
3097    21.7551        
3099    20.7884        
3104    21.5288        
3105    21.5418        
3106    21.5136        
3107    21.5933        
3108    21.5195        
3109    21.4651        
3110    21.6209        
3111    21.6605        
3154    21.6329        
3155    21.7743        
3156    21.8408        
3157    21.594         
3158    21.7241        
3159    21.9346        
3160    21.8509        
3161    21.8855        
3162    21.9171        
3163    21.7518        
3164    21.8523        
3166    21.9723        
3167    21.9359        
3112    21.4749        
3113    21.3908        
3114    21.4237        
3115    21.5641        
3116    21.6508        
3117    21.6156        
3118    21.7727        
3120    21.7246        
3121    21.6839        
3124    21.5443        
3125    21.6605        
3126    21.7197        
3127    21.8674        
3171    22.2346        
3172    21.9353        
3173    22.1301        
3174    22.1339        
3175    22.0063        
3176    22.112         
3177    21.954         
3178    22.0043        
3179    21.9134        
3180    22.3154        
3181    22.1054        
3131    21.7765        
3132    21.8519        
3133    21.6479        
3134    21.6405        
3135    21.7972        
3136    21.7825        
3137    21.7908        
3138    21.7353        
3139    21.9413        
3140    21.6433        
3141    21.8116        
3142    21.8069        
3143    21.8877        
3144    21.9613        
93093   21.7363        
93094   21.8842        
93095   21.7261        
93096   21.6855        
93097   21.7474        
93098   21.7906        
93099   21.7144        
93100   21.7284        
93101   21.9112        
93102   21.7901        
93103   21.8047        
93104   21.8736        
93105   21.8678        
93106   21.7107        
93107   21.6208        
93108   21.6098        
93109   21.7497        
93110   21.5618        
93114   21.6251        
93115   21.7615        
93116   21.7888        
93117   21.3461        
93118   21.6804        
93119   22.0147        
93120   21.7003        
93121   21.7406        
93122   21.3645        
93123   22.1858        
93045   22.1574        
93046   22.066         
93047   22.2625        
93051   22.273         
93052   22.0114        
93055   21.8023        
93056   21.348         
93057   21.5993        
93058   21.6594        
93059   21.7546        
93060   21.7079        
93061   21.5419        
93064   21.4772        
93065   21.5886        
93071   21.6604        
93073   21.3426        
93074   21.5272        
93075   21.4797        
93076   21.5155        
93077   21.3666        
93078   21.6778        
93079   21.5471        
93080   21.5277        
93081   21.6308        
93082   21.4069        
93084   21.7033        
93085   21.6752        
93088   21.5833        
93089   21.6467        
93090   21.4108        
93091   21.86          
93126   21.9257        
93127   21.8696        
93131   22.0993        
93132   21.9516        
93133   21.9402        
93134   22.1415        
93135   21.9498        
93136   22.1078        
93137   21.9928        
93138   22.0083        
93139   21.7979        
93140   22.3129        
93141   22.0497        
93143   21.9062        
93144   22.0615        
93145   21.9363        
93147   21.7735        
93148   21.9476        
891     22.8248        
894     22.446         
895     21.739         
911     22.3399        
912     22.1439        
923     22.2944        
933     10.108         
934     10.0811        
935     9.99777        
936     10.0113        
938     10.0306        
941     9.99787        
942     9.91194        
943     10.0835        
944     10.1294        
945     10.0477        
946     10.0454        
947     9.55484        
