93649   1              0.984709       0.00410904     113981         115751         1633.04        
93650   1              0.984503       0.00400773     119754         121639         1695.1         
93651   1              0.984531       0.00528283     68926          70009          981.756        
93652   1              0.983506       0.00550427     63327          64389          902.234        
93653   1              0.983466       0.00827501     28016          28487          400.211        
93654   1              0.98603        0.00558839     61829          62705          1068.49        
93655   1              0.987032       0.00633377     48255          48889          1284           
93656   1              0.986832       0.00442419     98851          100170         1701.97        
93657   1              0.987807       0.00443532     98598          99815          1685.43        
93658   1              0.985643       0.00466714     88560          89850          1518.62        
93659   1              0.981729       0.00371614     138307         140881         1521.73        
93660   1              0.978463       0.0144744      9041           9240           98.9976        
93661   1              0.981924       0.00357918     149168         151914         1641.54        
93662   1              0.989397       0.00428236     106193         107331         2553.29        
93667   1              0.989409       0.0055696      62781          63453          1519.36        
93668   1              0.981101       0.00381719     130872         133393         1434.65        
93670   1              0.982068       0.0043854      99399          101214         1093.21        
93671   1              0.981753       0.00392959     123697         125996         1372.08        
93672   1              0.986679       0.00508709     74738          75747          1337.96        
93673   1              0.986411       0.00526654     69684          70644          1209.95        
93674   1              0.986742       0.0116348      14290          14482          248.759        
93675   1              0.987308       0.00656961     44884          45461          779.133        
93676   1              0.986809       0.00508042     74959          75961          1295.49        
93679   1              0.986235       0.00584959     56460          57248          962.76         
93680   1              0.984475       0.00426298     105835         107504         1500.17        
93681   1              0.985564       0.00382194     132034         133968         1881.28        
93682   1              0.985082       0.00385692     129492         131453         1835           
93683   1              0.98522        0.00399862     120519         122327         1720.19        
93684   1              0.990183       0.00509576     75146          75891          1816.46        
93685   1              0.981885       0.00346384     159252         162190         1748.77        
93686   1              0.982082       0.00671287     42423          43197          467.662        
93687   1              0.982075       0.00357565     149520         152249         1644.14        
93688   1              0.983363       0.00364595     144281         146722         1771.21        
93689   1              0.987254       0.00437237     101316         102624         1734.77        
93690   1              0.986943       0.00422993     108169         109600         1839.85        
93691   1              0.987029       0.00452028     94740          95985          1625.9         
93692   1              0.987687       0.00538692     66820          67653          1144.52        
93695   1              0.987579       0.00640135     47307          47902          812.743        
93696   1              0.985443       0.00368708     141826         143921         2002.94        
93697   1              0.984995       0.00380627     132932         134957         1893.63        
93698   1              0.984582       0.00662696     43807          44493          625.035        
93592   1              0.98366        0.0147778      8789           8935           134.301        
93594   1              0.985786       0.00544643     65054          65992          955.327        
93595   1              0.985718       0.00629255     48727          49433          722.649        
93596   1              0.989831       0.00777869     32220          32551          758.235        
93598   1              0.988598       0.00696561     40056          40518          939.512        
93599   1              0.988523       0.00677153     42377          42869          827.636        
93600   1              0.986924       0.0071327      38040          38544          743.236        
93601   1              0.988219       0.00693704     40348          40829          797.351        
93602   1              0.987451       0.00978906     20223          20480          395.505        
93603   1              0.987412       0.00545878     65027          65856          1272.36        
93605   1              0.987805       0.00662239     44227          44773          869.919        
93606   1              0.988297       0.00741722     35300          35718          699.548        
93607   1              0.986764       0.00699708     39513          40043          774.376        
93608   1              0.987351       0.00773339     32395          32810          631.21         
93609   1              0              -nan           0              2              0              
93610   1              0.988579       0.00527465     69852          70659          1662.14        
93611   1              0.98861        0.00463119     90618          91662          2146.04        
93612   1              0.989569       0.00540115     66785          67489          1580.78        
93613   1              0.987524       0.00491407     80265          81279          1925.42        
93614   1              0.98655        0.0048776      81269          82377          1619.73        
93616   1              0.987821       0.00501212     77213          78165          1550.07        
93617   1              0.986676       0.00899221     23919          24242          480.303        
93618   1              0.98512        0.00722797     36875          37432          544.09         
93620   1              0.985437       0.00524682     70036          71071          1040.93        
93621   1              0.985078       0.00523183     70374          71440          1038.05        
93622   1              0.984806       0.00400664     119911         121761         1763.01        
93623   1              0.985482       0.00635211     47789          48493          713.836        
93624   1              0.985747       0.0039963      120820         122567         1780.34        
93625   1              0.985476       0.00555171     62561          63483          920.575        
93626   1              0.986784       0.00402293     119539         121140         1926.91        
93627   1              0.989947       0.00659735     44805          45260          1530.01        
93628   1              0.989266       0.0113489      15115          15279          510.14         
93629   1              0.987893       0.00618754     50673          51294          992.095        
93635   1              0.989567       0.00630335     49035          49552          1165.94        
93638   1              0.985657       0.0138664      10033          10179          143.916        
93641   1              0.985698       0.00572875     58787          59640          846.3          
93642   1              0.985679       0.00742081     35033          35542          553.259        
93643   1              0.990021       0.00741053     35518          35876          1188.24        
93775   1              0.989877       0.00376454     137583         138990         3386.95        
93776   1              0.983564       0.0032023      187123         190250         3197.9         
93777   1              0.991677       0.00510421     75180          75811          3004.83        
93778   1              0.992063       0.00488255     82241          82899          3260.61        
93779   1              0.992179       0.00673327     43257          43598          1729.73        
93780   1              0.990813       0.00684283     41739          42126          1652.46        
93781   1              0.989209       0.0118981      13750          13900          447.938        
93782   1              0.99209        0.0114613      14926          15045          490.454        
93783   1              0.990483       0.0127731      11969          12084          394.3          
93784   1              0.990509       0.00543279     66166          66800          2165.93        
93785   1              0.989424       0.00690994     40789          41225          1330.77        
93709   1              0.992954       0.0112586      15502          15612          1328.23        
93710   1              0.991254       0.00640342     47717          48138          1610.64        
93711   1              0.991586       0.00623096     50437          50865          1687.57        
93712   1              0.992291       0.00643529     47369          47737          1602.48        
93713   1              0.990583       0.00677105     42604          43009          1438.84        
93714   1              0.992094       0.0086462      26228          26437          1459.19        
93715   1              0.992533       0.00842574     27649          27857          1531.62        
93716   1              0.992358       0.00824983     28828          29050          1607.07        
93717   1              0.993492       0.00808892     30072          30269          1678.05        
93718   1              0.992263       0.00731273     36681          36967          1694.85        
93719   1              0.993741       0.00717338     38262          38503          1751.45        
93720   1              0.991975       0.00725822     37207          37508          1728.52        
93721   1              0.992465       0.00683428     42018          42337          1941.82        
93722   1              0.992158       0.006802       42385          42720          1946.84        
93723   1              0.994665       0.0096781      21069          21182          1785.07        
93724   1              0.991103       0.00564996     61269          61819          2043.58        
93725   1              0.990085       0.00637299     48032          48513          1597.97        
93726   1              0.991774       0.0060157      54137          54586          1804.07        
93727   1              0.990707       0.00479533     84969          85766          2824.57        
93728   1              0.993455       0.0081322      29750          29946          1650.29        
93730   1              0.991786       0.0215315      4226           4261           110.778        
93732   1              0              -nan           0              7              0              
93733   1              0.993287       0.00795564     31072          31282          1701.81        
93734   1              0.992429       0.00856632     26742          26946          1466.96        
93739   1              0.990011       0.0121645      13181          13314          603.906        
93740   1              0.991738       0.00883667     25087          25296          1153.91        
93742   1              0.992203       0.00798032     30796          31038          1719           
93743   1              0.993374       0.00781166     32235          32450          1813.88        
93744   1              0.992617       0.00827985     28638          28851          1596.41        
93745   1              0.992368       0.0115051      14823          14937          823.108        
93746   1              0.99111        0.0112751      15385          15523          862.142        
93747   1              0.987823       0.0066667      43643          44181          1627.78        
93751   1              0.991244       0.0268348      2717           2741           379.413        
93753   1              0.991783       0.0141558      9777           9858           1344.69        
93754   1              0.990806       0.0153467      8298           8375           754.212        
93761   1              0.9931         0.00731824     36703          36958          3352.71        
93762   1              0.993719       0.00978409     20566          20696          1880.97        
93765   1              0.99325        0.00770678     33108          33333          3064.03        
93766   1              0.991027       0.0121465      13254          13374          1231.85        
93767   1              0.993825       0.00720053     37982          38218          3535.04        
93768   1              0.992866       0.00844318     27558          27756          2553.71        
93769   1              0.994243       0.0075173      34885          35087          3229.52        
93770   1              0.993828       0.00627074     50081          50392          3847.64        
93771   1              0.993726       0.00673549     43397          43671          3269.32        
93772   1              0.99294        0.00634541     48800          49147          3712.59        
93773   1              0.991908       0.0105009      17773          17918          1357.44        
93988   1              0.993505       0.0145216      9331           9392           953.214        
93989   1              0.99456        0.00925446     23036          23162          2394.69        
93990   1              0.990085       0.00832309     28161          28443          2908.47        
93991   1              0.98937        0.0200583      4840           4892           505.695        
93992   1              0.988983       0.0115662      14542          14704          1252.47        
93993   1              0.989471       0.00968444     20768          20989          1829.65        
93994   1              0.992532       0.0135869      10633          10713          921.645        
93995   1              0.988062       0.00830495     28140          28480          2527.97        
93996   1              0.986798       0.0135489      10539          10680          1015.2         
93997   1              0.989803       0.0206717      4562           4609           454.869        
93998   1              0.988788       0.0113549      15081          15252          1577.59        
93999   1              0.982128       0.0134264      10606          10799          1243.83        
94002   1              0.988704       0.0197399      4989           5046           198.458        
94010   1              0.978609       0.0126705      11803          12061          467.274        
94011   1              0              -nan           0              19921          850.741        
94012   1              0.980153       0.0119003      13433          13705          834.848        
94013   1              0.957727       0.0360466      1382           1443           86.8885        
94014   1              0.970225       0.0147109      8570           8833           594.329        
94025   1              0.992918       0.0154118      8272           8331           1493.4         
94026   1              0.994386       0.0141002      9919           9975           1772.18        
94034   1              0.993283       0.0240466      3401           3424           503.734        
94037   1              0.993794       0.0112013      15694          15792          2361.56        
94038   1              0.992564       0.00964776     21090          21248          3151.13        
94039   1              0.991604       0.0121677      13227          13339          1989.8         
94042   1              0.986604       0.0188365      5450           5524           843.571        
94043   1              0.993891       0.0129669      11714          11786          1750.42        
94044   1              0.994022       0.0106743      17292          17396          3137.67        
94045   1              0.991913       0.0109605      16314          16447          2959.26        
94046   1              0.994603       0.0104528      18059          18157          3357.55        
94047   1              0.994325       0.0105557      17696          17797          3300.01        
94048   1              0.994842       0.00969038     21025          21134          3102.37        
94049   1              0.993948       0.00964242     21187          21316          3189.56        
94050   1              0.993773       0.00945555     22023          22161          3366.42        
94051   1              0.996146       0.00927975     23002          23091          3443.55        
94052   1              0.994635       0.010215       18911          19013          3450.14        
94054   1              0.990708       0.0174768      6397           6457           1192.13        
94055   1              0.993525       0.0236137      3529           3552           659.722        
94057   1              0.993908       0.006497       46663          46949          3356.75        
94058   1              0.994019       0.00691379     41218          41466          2783.63        
94060   1              0.995066       0.00821873     29245          29390          3401.74        
94061   1              0.995542       0.00825347     29034          29164          3385.3         
94062   1              0.994973       0.0111686      15833          15913          1830.93        
94063   1              0.995391       0.00942739     22245          22348          3321.52        
94064   1              0.993839       0.0100034      19680          19802          2976.07        
94065   1              0.994883       0.00857868     26830          26968          4055.91        
94066   1              0.993696       0.0106551      17340          17450          2612.02        
93823   1              0.992379       0.0164036      7292           7348           735.167        
93828   1              0.991023       0.00963019     21085          21276          2104.2         
93829   1              0.990997       0.0102223      18712          18882          1883.93        
93830   1              0.994964       0.0133604      11064          11120          3568.6         
93831   1              0.993287       0.013981       10061          10129          3233.74        
93832   1              0.99515        0.0138779      10259          10309          3304.71        
93833   1              0.993493       0.0145354      9313           9374           3029.81        
93834   1              0.99262        0.0257586      2959           2981           977.883        
93835   1              0.995202       0.0135355      10786          10838          2878.16        
93836   1              0.994262       0.0227413      3812           3834           1016.85        
93839   1              0.990829       0.0145889      9183           9268           2431.29        
93846   1              0.994682       0.0123654      12907          12976          3355.43        
93847   1              0.995379       0.0144425      9478           9522           1389.22        
93849   1              0.995753       0.0200469      4924           4945           720.576        
93851   1              0.993782       0.0151051      8630           8684           1248.22        
93855   1              0.992567       0.0142887      9615           9687           3110.72        
93856   1              0.99366        0.0144687      9403           9463           3060.68        
93857   1              0.992951       0.0147636      9015           9079           3018.55        
93858   1              0.993986       0.0145891      9256           9312           3058.71        
93859   1              0.992559       0.0211172      4402           4435           1174.86        
93860   1              0.994993       0.0300584      2186           2197           591.624        
93861   1              0.992947       0.0132083      11263          11343          3012.01        
93862   1              0.993323       0.0186526      5653           5691           1514.18        
93863   1              0.995861       0.0147144      9142           9180           2400.51        
93864   1              0.994995       0.012269       13121          13187          3478.62        
93865   1              0.995438       0.00937938     22476          22579          3286.11        
93867   1              0.995071       0.0141309      9893           9942           3201.63        
93868   1              0.995166       0.0230905      3706           3724           1208.66        
93874   1              0.993242       0.0192782      5291           5327           1731.14        
93875   1              0.995052       0.0138776      10257          10308          3260.95        
93876   1              0.996219       0.0144524      9485           9521           3071.21        
93877   1              0.99165        0.0143576      9501           9581           2464.01        
93878   1              0.995267       0.0125159      12617          12677          3268.84        
93879   1              0.994067       0.0188783      5529           5562           1409.97        
93881   1              0.994262       0.0164595      7277           7319           1853.44        
93882   1              0.994615       0.0122669      13113          13184          3368.56        
93883   1              0.995109       0.0135358      10783          10836          3386.37        
93884   1              0.994039       0.0136947      10506          10569          3375.48        
93885   1              0.996134       0.0136924      10565          10606          3327.39        
93886   1              0.994161       0.0138905      10215          10275          3305.94        
93887   1              0.994871       0.019787       5043           5069           1283.5         
93889   1              0.993472       0.0113702      15219          15319          3954.01        
93890   1              0.995133       0.0123844      12882          12945          3340.37        
93891   1              0.994399       0.0123357      12960          13033          3356.82        
93892   1              0.994834       0.0123702      12902          12969          3316.78        
93893   1              0.994927       0.0140511      10002          10053          3228.44        
93895   1              0.993459       0.0152095      8505           8561           2758.87        
93896   1              0.994316       0.0257484      2974           2991           966.977        
93899   1              0.990307       0.0215861      4189           4230           1305.56        
93900   1              0.993457       0.0211387      4403           4432           1400.24        
93901   1              0.991266       0.0232104      3632           3664           922.296        
93902   1              0.994815       0.0253586      3070           3086           813.801        
93903   1              0.987201       0.0409129      1157           1172           336.216        
93904   1              0.995245       0.0126506      12349          12408          3244.85        
93905   1              0.992784       0.020197       4815           4850           1246.75        
93906   1              0.99256        0.016822       6937           6989           1816.76        
93907   1              0.991779       0.0309067      2051           2068           667.543        
93908   1              0.994066       0.0158193      7874           7921           2512.7         
93937   1              0.994716       0.0193505      5271           5299           1752.68        
93938   1              0.994375       0.020714       4596           4622           1353.66        
93940   1              0.994794       0.0145203      9363           9412           3220.53        
93941   1              0.994275       0.0143665      9552           9607           3152.3         
93942   1              0.993598       0.0128335      11950          12027          3222.4         
93943   1              0.993623       0.0128923      11842          11918          3166.26        
93944   1              0.992288       0.0225434      3860           3890           1055.43        
93973   1              0.991515       0.00992766     19865          20035          1974.57        
93975   1              0.996703       0.0244245      3325           3336           865.585        
93976   1              0.994276       0.0205028      4690           4717           1262.51        
93978   1              0.990738       0.0105542      17542          17706          1759.01        
93979   1              0.993031       0.0204446      4702           4735           1278.02        
93980   1              0.995366       0.0204526      4726           4748           1247.34        
93981   1              0.992639       0.017988       6068           6113           1643.56        
93982   1              0.989814       0.0170514      6705           6774           1772.06        
93983   1              0.994344       0.0231103      3692           3713           972.778        
93984   1              0.990633       0.0129001      11739          11850          3098.87        
93985   1              0.994312       0.0231754      3671           3692           985.478        
3079    1              0.887337       0.00282673     185976         209589         58.6662        
3080    1              0.889107       0.0024487      249055         280118         79.1398        
3081    1              0.948535       0.00186198     505665         533101         336.931        
3082    1              0.926285       0.00130801     966017         1.04289e+06    457.021        
3083    1              0.926903       0.00275092     218763         236015         103.292        
3084    1              0.906713       0.00134843     862115         950814         326.155        
3085    1              0.862978       0.00207867     321096         372079         83.8018        
3088    2              0.896258       0.00195255     305118         680871         152.337        
3089    5              0.949151       0.00197073     275994         1.4539e+06     327.982        
3090    5              0.960513       0.00144344     527863         2.74782e+06    791.997        
3091    5              0.972818       0.00176046     364769         1.87481e+06    792.021        
3096    1              0.892004       0.00140358     764159         856677         247.763        
3097    1              0.862801       0.00158374     552863         640777         144.321        
3099    1              0.865519       0.00509978     53734          62083          14.5952        
3104    1              0.855382       0.0015958      533087         623215         134.458        
3105    1              0.855133       0.00131766     781331         913695         196.937        
3106    1              0.887624       0.00114814     1.1282e+06     1.27103e+06    358.432        
3107    1              0.886576       0.00300708     163989         184969         51.9221        
3108    1              0.916727       0.00125154     1.02837e+06    1.12178e+06    436.162        
3109    1              0.91592        0.00363769     121462         132612         51.5752        
3110    1              0.811698       0.00163255     447859         551756         107.874        
3111    1              0.82236        0.00255527     188749         229521         44.622         
3154    1              0.975475       0.00227267     363940         373090         523.22         
3155    1              0.962318       0.00130749     1.06299e+06    1.10462e+06    982.275        
3156    1              0.952352       0.00387798     117745         123636         86.8265        
3157    1              0.930942       0.00165957     607609         652682         305.68         
3158    1              0.930422       0.00122303     1.11722e+06    1.20076e+06    561.62         
3159    1              0.914217       0.00276542     209203         228833         84.5828        
3160    1              0.914728       0.00143651     776383         848758         312.815        
3161    1              0.944799       0.00266028     245301         259633         153.854        
3162    1              0.911977       0.00150669     700492         768103         274.638        
3163    1              0.964004       0.00189782     506747         525669         495.12         
3164    1              0.960642       0.00176071     583642         607554         521.501        
3166    1              0.941545       0.001616       659094         700013         398.009        
3167    1              0.924919       0.00115067     1.2437e+06     1.34466e+06    587.975        
3112    1              0.986935       0.00248046     314555         318719         893.233        
3113    1              0.979991       0.00168207     672081         685803         1195.97        
3114    1              0.968103       0.00151097     807937         834557         873.58         
3115    1              0.975046       0.00150444     829613         850845         1175.7         
3116    1              0.963364       0.00127712     1.11717e+06    1.15965e+06    1066.62        
3117    1              0.952706       0.00154828     739356         776059         540.094        
3118    1              0.951872       0.00493943     72486          76151          51.4579        
3120    1              0.970646       0.00178756     581044         598616         689.87         
3121    1              0.980924       0.00262608     276390         281765         533.754        
3124    1              0.978586       0.0023607      339995         347435         585.949        
3125    1              0.968877       0.00133298     1.04019e+06    1.0736e+06     1185           
3126    1              0.952932       0.00129911     1.05079e+06    1.10269e+06    786.885        
3127    1              0.95999        0.0012485      1.15881e+06    1.20711e+06    1032.79        
3171    1              0.992398       0.00613781     52086          52485          273.136        
3172    1              0.987263       0.00273327     259273         262618         741.645        
3173    1              0.984213       0.00226211     375612         381637         873.588        
3174    1              0.979979       0.00179597     589516         601560         1072.47        
3175    1              0.972702       0.00220024     385551         396371         496.492        
3176    1              0.983841       0.00184503     564089         573354         1264.36        
3177    1              0.972578       0.00202164     456537         469409         581.059        
3178    1              0.990426       0.00494462     79859          80631          320.487        
3179    1              0.989139       0.00421116     109743         110948         390.449        
3180    1              0.9831         0.00248439     310527         315865         658.912        
3181    1              0.978228       0.00250169     302475         309207         504.847        
3131    1              0.995522       0.00568753     61138          61413          631.903        
3132    1              0.992735       0.00249431     315658         317968         1692.65        
3133    1              0.987679       0.0025283      303334         307118         886.857        
3134    1              0.990905       0.00219153     407025         410761         1777.52        
3135    1              0.988239       0.00193763     517192         523347         1697.62        
3136    1              0.983634       0.00233838     350994         356834         780.415        
3137    1              0.983749       0.00220868     393542         400043         869.939        
3138    1              0.990251       0.00211947     434453         438730         1762.89        
3139    1              0.994639       0.00497355     79774          80204          606.121        
3140    1              0.993655       0.00472068     88331          88895          588.965        
3141    1              0.98986        0.00241312     334820         338250         1276.73        
3142    1              0.989734       0.00330224     178737         180591         677.538        
3143    1              0.983434       0.00221287     391738         398337         896.456        
3144    1              0.987031       0.00179277     602305         610219         1815.95        
93093   1              0.997004       0.034539       1664           1669           602.478        
93094   1              0.997117       0.0115556      14870          14913          1679.81        
93095   1              0.998432       0.0105697      17832          17860          891.41         
93096   1              0.998335       0.010032       19790          19823          1766.45        
93097   1              0.998503       0.0101481      19348          19377          1706.13        
93098   1              0.99643        0.0112607      15632          15688          781.749        
93099   1              0.997621       0.0108859      16777          16817          858.483        
93100   1              0.998844       0.0113217      15558          15576          1752.25        
93101   1              1              0.0337388      1757           1757           602.185        
93102   1              0.997639       0.0342995      1690           1694           592.032        
93103   1              0.997743       0.010605       17683          17723          2013.55        
93104   1              0.998042       0.0105634      17836          17871          888.543        
93105   1              0.998529       0.00989201     20364          20394          1808.85        
93106   1              0.997869       0.00702838     40272          40358          3582.74        
93107   1              0.99748        0.00964323     21372          21426          1063.67        
93108   1              0.997287       0.00898157     24625          24692          1240.4         
93109   1              0.998799       0.00804993     30771          30808          3488.71        
93110   1              1              0.0238909      3504           3504           1197.19        
93114   1              0.996972       0.0388218      1317           1321           513.145        
93115   1              0.998125       0.0148319      9049           9066           1023.83        
93116   1              0.996712       0.0131226      11519          11557          1024.65        
93117   1              0.997105       0.018983       5510           5526           497.795        
93118   1              0.997368       0.0128005      12126          12158          1098.68        
93119   1              0.988654       0.0227763      3747           3790           186.317        
93120   1              0.998621       0.0131171      11584          11600          573.463        
93121   1              0.997906       0.0144473      9532           9552           1082.98        
93122   1              0.997336       0.0135286      10855          10884          556.576        
93123   1              0.997197       0.0373585      1423           1427           570.476        
93045   1              0.996883       0.00696212     40941          41069          2717.36        
93046   1              0.999271       0.0190849      5481           5485           1575.93        
93047   1              0.995136       0.00868628     26186          26314          981.154        
93051   1              0.997568       0.00750731     35271          35357          2334.25        
93052   1              0.998751       0.00789471     31989          32029          2710.27        
93055   1              0.998073       0.00914049     23823          23869          882.031        
93056   1              0.996201       0.02509        3147           3159           908.444        
93057   1              0.997281       0.0126218      12469          12503          1072.62        
93058   1              0.997186       0.0130323      11693          11726          784.626        
93059   1              0.996968       0.00814477     29921          30012          2011.3         
93060   1              0.997713       0.0123259      13089          13119          1121.48        
93061   1              0.998168       0.0246744      3270           3276           892.654        
93064   1              0.999707       0.0171184      6820           6822           600.403        
93065   1              0.997809       0.0151623      8652           8671           589.659        
93071   1              0.996255       0.011142       15960          16020          1075.78        
93073   1              0.998885       0.0235899      3584           3588           993.546        
93074   1              0.997847       0.00955731     21778          21825          799.142        
93075   1              0.999058       0.025045       3181           3184           867.527        
93076   1              0.998039       0.012034       13743          13770          1180.86        
93077   1              0.997812       0.00915791     23717          23769          876.724        
93078   1              0.997816       0.0105663      17816          17855          1191.58        
93079   1              0.998049       0.0110273      16367          16399          1096.65        
93080   1              0.996154       0.0126232      12431          12479          453.93         
93081   1              0.99459        0.0203169      4780           4806           178.336        
93082   1              0.997896       0.00976361     20870          20914          787.441        
93084   1              0.995849       0.0141849      9837           9878           840.655        
93085   1              0.997409       0.0321286      1925           1930           545.248        
93088   1              0.995007       0.0314807      1993           2003           573.445        
93089   1              0.997772       0.011781       14330          14362          1216.87        
93090   1              0.997594       0.00886611     25290          25351          931.1          
93091   1              0.997717       0.0106648      17484          17524          1174.97        
93126   1              0.997909       0.0117883      14317          14347          1103.79        
93127   1              0.998391       0.0105203      17998          18027          1062.35        
93131   1              0.998124       0.0432539      1064           1066           270.804        
93132   1              0.996967       0.0141882      9860           9890           749.602        
93133   1              0.997394       0.0115379      14926          14965          873.709        
93134   1              0.99735        0.0102754      18817          18867          1095.56        
93135   1              0.996394       0.010844       16855          16916          587.201        
93136   1              0.997776       0.0112535      15705          15740          1209.12        
93137   1              0.997737       0.0108953      16753          16791          648.071        
93138   1              0.991803       0.0424165      1089           1098           290.744        
93139   1              0.997467       0.035522       1575           1579           397.916        
93140   1              0.998192       0.0150125      8834           8850           666.601        
93141   1              0.996312       0.01514        8645           8677           507.758        
93143   1              0.997792       0.0296662      2260           2265           569.252        
93144   1              0.996933       0.00629673     50057          50211          1755.53        
93145   1              0.996285       0.0112872      15553          15611          917.999        
93147   1              0.997873       0.00920883     23459          23509          1782.98        
93148   1              0.996122       0.0155228      8220           8252           479.475        
891     20             0.959429       0.00467876     44067          918609         63.3708        
894     40             0.955182       0.0033229      84603          3.54291e+06    109.715        
895     40             0.958106       0.00115434     705402         2.94498e+07    946.091        
911     40             0.965043       0.00189639     265212         1.09928e+07    425.227        
912     40             0.971296       0.00164698     356242         1.46708e+07    688.777        
923     40             0.958632       0.0020679      220054         9.182e+06      297.13         
936     1              0.888222       0.00578333     44539          50144          12.2284        
938     5              0.959014       0.00159901     428697         2.23509e+06    541.145        
941     1              0.932437       0.000669847    3.74449e+06    4.01582e+06    1619.77        
942     1              0.931702       0.00081405     2.53042e+06    2.71591e+06    1087.94        
943     1              0.931894       0.00150125     744407         798811         321.155        
944     1              0.930291       0.00102676     1.58461e+06    1.70334e+06    670.085        
945     1              0.939577       0.00116636     1.25865e+06    1.33959e+06    647.086        
946     1              0.945134       0.000920078    2.05252e+06    2.17167e+06    1147.64        
947     1              0.955803       0.0010575      1.59773e+06    1.67161e+06    1099.55        
933     1              0.944361       0.000754736    3.04413e+06    3.22348e+06    1629.14        
934     1              0.954945       0.00080451     2.75441e+06    2.88436e+06    1814.8         
93987   1              0.993113       0.00718568     38071          38335          3210.26        
333994    1000           0.834798       0.00966602     7465           8.94228e+06    598.37         
3994    1000           0.834798       0.00966602     7465           8.94228e+06    598.37         
3994    25             0.02087        0.000241651    7465           8.94228e+06    598.37         
3994    1000           0.834798       0.00966602     7465           8.94228e+06    598.37         
