93649   0.996219       0.9999         
93650   0.996455       0.9999         
93651   0.994602       0.9999         
93652   0.995953       0.9999         
93653   0.996948       0.9999         
93654   0.995957       0.9999         
93655   0.996527       0.9999         
93656   0.996455       0.9999         
93657   0.996508       0.9999         
93658   0.996328       0.9999         
93659   0.996153       0.9999         
93660   0.996271       0.9999         
93661   0.99624        0.9999         
93662   0.996162       0.9999         
93667   0.996569       0.9999         
93668   0.995605       0.9999         
93670   0.995986       0.9999         
93671   0.996271       0.9999         
93672   0.996153       0.9999         
93673   0.996008       0.9999         
93674   0.996604       0.9999         
93675   0.996032       0.9999         
93676   0.995725       0.9999         
93679   0.996684       0.9999         
93680   0.996211       0.9999         
93681   0.996197       0.9999         
93682   0.996091       0.9999         
93683   0.996143       0.9999         
93684   0.995928       0.9999         
93685   0.995907       0.9999         
93686   0.995524       0.9999         
93687   0.996169       0.9999         
93688   0.996297       0.9999         
93689   0.9965         0.9999         
93690   0.996022       0.9999         
93691   0.996076       0.9999         
93692   0.996111       0.9999         
93695   0.996137       0.9999         
93696   0.996172       0.9999         
93697   0.996371       0.9999         
93698   0.995789       0.9999         
93592   0.996692       0.9999         
93594   0.996351       0.9999         
93595   0.996291       0.9999         
93596   0.995868       0.9999         
93598   0.996978       0.9999         
93599   0.996481       0.9999         
93600   0.996534       0.9999         
93601   0.996584       0.9999         
93602   0.997126       0.9999         
93603   0.996669       0.9999         
93605   0.995939       0.9999         
93606   0.996826       0.9999         
93607   0.996527       0.9999         
93608   0.99598        0.9999         
93610   0.996183       0.9999         
93611   0.996517       0.9999         
93612   0.996403       0.9999         
93613   0.996338       0.9999         
93614   0.996905       0.9999         
93616   0.99552        0.9999         
93617   0.996075       0.9999         
93618   0.995998       0.9999         
93620   0.996777       0.9999         
93621   0.996696       0.9999         
93622   0.996685       0.9999         
93623   0.99596        0.9999         
93624   0.996728       0.9999         
93625   0.99648        0.9999         
93626   0.996736       0.9999         
93627   0.996528       0.9999         
93628   0.995856       0.9999         
93629   0.996514       0.9999         
93635   0.996291       0.9999         
93638   0.99545        0.9999         
93641   0.996818       0.9999         
93642   0.996473       0.9999         
93643   0.995959       0.9999         
93775   0.996162       0.9999         
93776   0.995643       0.9999         
93777   0.996168       0.9999         
93778   0.996348       0.9999         
93779   0.996336       0.9999         
93780   0.996311       0.9999         
93781   0.99592        0.9999         
93782   0.996093       0.9999         
93783   0.995533       0.9999         
93784   0.996309       0.9999         
93785   0.996581       0.9999         
93709   -nan           -nan           
93710   0.996298       0.9999         
93711   0.996145       0.9999         
93712   0.996281       0.9999         
93713   0.996707       0.9999         
93714   0.996523       0.9999         
93715   0.995953       0.9999         
93716   0.995868       0.9999         
93717   0.996443       0.9999         
93718   0.996511       0.9999         
93719   0.996133       0.9999         
93720   0.996104       0.9999         
93721   0.996251       0.9999         
93722   0.995969       0.9999         
93723   0.99648        0.9999         
93724   0.99661        0.9999         
93725   0.996532       0.9999         
93726   0.996229       0.9999         
93727   0.996419       0.9999         
93728   0.996228       0.9999         
93730   0.99668        0.9999         
93733   0.996492       0.9999         
93734   0.996254       0.9999         
93739   0.995932       0.9999         
93740   0.995968       0.9999         
93742   0.995938       0.9999         
93743   0.995486       0.9999         
93744   0.995662       0.9999         
93745   0.995761       0.9999         
93746   0.996738       0.9999         
93747   0.99602        0.9999         
93751   0.997828       0.9999         
93753   0.996335       0.9999         
93754   0.993857       0.9999         
93761   0.99535        0.9999         
93762   0.995936       0.9999         
93765   0.996359       0.9999         
93766   0.99589        0.9999         
93767   0.995407       0.9999         
93768   0.995953       0.9999         
93769   0.995622       0.9999         
93770   0.995688       0.9999         
93771   0.995811       0.9999         
93772   0.996327       0.9999         
93773   0.996119       0.9999         
93987   0.995844       0.9999         
93988   0.995553       0.9999         
93989   0.995901       0.9999         
93990   0.995431       0.9999         
93991   0.995755       0.9999         
93992   0.995269       0.9999         
93993   0.995983       0.9999         
93994   0.995125       0.9999         
93995   0.995831       0.9999         
93996   0.99666        0.9999         
93997   0.996487       0.9999         
93998   0.995862       0.9999         
93999   0.996043       0.9999         
94002   0.995055       0.9999         
94010   0.996356       0.9999         
94011   0.995091       0.9999         
94012   0.996122       0.9999         
94013   0.995553       0.9999         
94014   0.996169       0.9999         
94025   0.99715        0.9999         
94026   0.99355        0.9999         
94034   0.995434       0.9999         
94037   0.995899       0.9999         
94038   0.996603       0.9999         
94039   0.994737       0.9999         
94042   0.995968       0.9999         
94043   0.995981       0.9999         
94044   0.993546       0.9999         
94045   0.995018       0.9999         
94046   0.994056       0.9999         
94047   0.994362       0.9999         
94048   0.993911       0.9999         
94049   0.995778       0.9999         
94050   0.995044       0.9999         
94051   0.995061       0.9999         
94052   0.995735       0.9999         
94054   0.995652       0.9999         
94055   0.99569        0.9999         
94057   0.9957         0.9999         
94058   0.995679       0.9999         
94060   0.994105       0.9999         
94061   0.995647       0.9999         
94062   0.994605       0.9999         
94063   0.995302       0.9999         
94064   0.995802       0.9999         
94065   0.995155       0.9999         
94066   0.996199       0.9999         
93823   0.99387        0.9999         
93828   0.995772       0.9999         
93829   0.992694       0.9999         
93830   0.994495       0.9999         
93831   0.993321       0.9999         
93832   0.993835       0.9999         
93833   0.994189       0.9999         
93834   0.994536       0.9999         
93835   0.996273       0.9999         
93836   0.988166       0.9999         
93839   0.991981       0.9999         
93846   0.995575       0.9999         
93847   0.993455       0.9999         
93849   0.994837       0.9999         
93851   0.995735       0.9999         
93855   0.99402        0.9999         
93856   0.99311        0.9999         
93857   0.994777       0.9999         
93858   0.994704       0.9999         
93859   0.992701       0.9999         
93860   0.993878       0.9999         
93861   0.993947       0.9999         
93862   0.992806       0.9999         
93863   0.99504        0.9999         
93864   0.992551       0.9999         
93865   0.993822       0.9999         
93867   0.993336       0.9999         
93868   0.993274       0.9999         
93874   0.996855       0.9999         
93875   0.995823       0.9999         
93876   0.997388       0.9999         
93877   0.996286       0.9999         
93878   0.995406       0.9999         
93879   0.99273        0.9999         
93881   0.994774       0.9999         
93882   0.992739       0.9999         
93883   0.994849       0.9999         
93884   0.994975       0.9999         
93885   0.993922       0.9999         
93886   0.994088       0.9999         
93887   0.99665        0.9999         
93889   0.99425        0.9999         
93890   0.991792       0.9999         
93891   0.991851       0.9999         
93892   0.994388       0.9999         
93893   0.995993       0.9999         
93895   0.995345       0.9999         
93896   0.99701        0.9999         
93899   0.99308        0.9999         
93900   0.993789       0.9999         
93901   0.996519       0.9999         
93902   0.994172       0.9999         
93903   1              0.9999         
93904   0.994733       0.9999         
93905   0.992706       0.9999         
93906   0.996407       0.9999         
93907   0.994493       0.9999         
93908   0.993915       0.9999         
93937   0.98895        0.9999         
93938   0.9941         0.9999         
93940   0.99447        0.9999         
93941   0.988918       0.9999         
93942   -nan           -nan           
93943   0.994986       0.9999         
93944   0.995516       0.9999         
93973   0.993014       0.9999         
93975   0.996005       0.9999         
93976   0.994253       0.9999         
93978   0.994456       0.9999         
93979   0.995392       0.9999         
93980   0.992908       0.9999         
93981   0.993599       0.9999         
93982   0.996144       0.9999         
93983   0.993205       0.9999         
93984   0.996553       0.9999         
93985   0.995551       0.9999         
3079    0.989326       0.9999         
3080    0.989402       0.9999         
3081    0.991249       0.9999         
3082    0.990359       0.9999         
3083    0.990017       0.9999         
3084    0.990553       0.9999         
3085    0.991541       0.9999         
3088    0.991818       0.9999         
3089    0.992152       0.9999         
3090    0.992203       0.9999         
3091    0.991612       0.9999         
3096    0.991848       0.9999         
3097    0.991924       0.9999         
3099    0.991146       0.9999         
3104    0.990584       0.9999         
3105    0.990394       0.9999         
3106    0.990627       0.9999         
3107    0.990538       0.9999         
3108    0.990864       0.9999         
3109    0.990439       0.9999         
3110    0.990085       0.9999         
3111    0.989828       0.9999         
3154    0.991177       0.9999         
3155    0.990501       0.9999         
3156    0.990613       0.9999         
3157    0.991294       0.9999         
3158    0.991523       0.9999         
3159    0.99248        0.9999         
3160    0.992514       0.9999         
3161    0.991764       0.9999         
3162    0.993388       0.9999         
3163    0.991541       0.9999         
3164    0.990141       0.9999         
3166    0.990506       0.9999         
3167    0.990329       0.9999         
3112    0.991099       0.9999         
3113    0.990607       0.9999         
3114    0.989905       0.9999         
3115    0.990636       0.9999         
3116    0.991224       0.9999         
3117    0.992275       0.9999         
3118    0.993682       0.9999         
3120    0.991653       0.9999         
3121    0.991053       0.9999         
3124    0.990498       0.9999         
3125    0.990152       0.9999         
3126    0.990592       0.9999         
3127    0.990126       0.9999         
3171    0.991075       0.9999         
3172    0.990616       0.9999         
3173    0.990942       0.9999         
3174    0.991298       0.9999         
3175    0.99198        0.9999         
3176    0.991176       0.9999         
3177    0.99326        0.9999         
3178    0.989866       0.9999         
3179    0.989882       0.9999         
3180    0.990117       0.9999         
3181    0.990165       0.9999         
3131    0.991727       0.9999         
3132    0.990771       0.9999         
3133    0.990581       0.9999         
3134    0.991222       0.9999         
3135    0.990763       0.9999         
3136    0.992076       0.9999         
3137    0.993542       0.9999         
3138    0.990655       0.9999         
3139    0.990438       0.9999         
3140    0.989443       0.9999         
3141    0.990011       0.9999         
3142    0.99015        0.9999         
3143    0.990108       0.9999         
3144    0.990035       0.9999         
93093   0.991597       0.9999         
93094   0.993048       0.9999         
93095   0.993296       0.9999         
93096   0.993368       0.9999         
93097   0.993325       0.9999         
93098   0.993227       0.9999         
93099   0.993965       0.9999         
93100   0.99309        0.9999         
93101   0.986877       0.9999         
93102   0.988656       0.9999         
93103   0.993708       0.9999         
93104   0.993956       0.9999         
93105   0.994011       0.9999         
93106   0.993304       0.9999         
93107   0.993534       0.9999         
93108   0.993962       0.9999         
93109   0.994038       0.9999         
93110   0.994836       0.9999         
93114   0.997593       0.9999         
93115   0.992837       0.9999         
93116   0.993351       0.9999         
93117   0.994887       0.9999         
93118   0.993158       0.9999         
93119   0.995131       0.9999         
93120   0.994087       0.9999         
93121   0.995299       0.9999         
93122   0.993463       0.9999         
93123   0.99568        0.9999         
93045   0.993914       0.9999         
93046   0.993646       0.9999         
93047   0.996263       0.9999         
93051   0.994131       0.9999         
93052   0.994469       0.9999         
93055   0.997076       0.9999         
93056   0.991395       0.9999         
93057   0.994571       0.9999         
93058   0.993777       0.9999         
93059   0.994425       0.9999         
93060   0.994863       0.9999         
93061   0.994037       0.9999         
93064   0.994849       0.9999         
93065   0.995832       0.9999         
93071   0.994213       0.9999         
93073   0.992531       0.9999         
93074   0.996145       0.9999         
93075   0.992315       0.9999         
93076   0.994168       0.9999         
93077   0.995859       0.9999         
93078   0.994324       0.9999         
93079   0.993267       0.9999         
93080   0.995319       0.9999         
93081   0.996258       0.9999         
93082   0.996752       0.9999         
93084   0.995292       0.9999         
93085   0.992717       0.9999         
93088   0.995152       0.9999         
93089   0.993898       0.9999         
93090   0.995191       0.9999         
93091   0.993236       0.9999         
93126   0.994245       0.9999         
93127   0.99355        0.9999         
93131   0.996193       0.9999         
93132   0.994427       0.9999         
93133   0.994441       0.9999         
93134   0.993786       0.9999         
93135   0.995966       0.9999         
93136   0.993416       0.9999         
93137   0.995904       0.9999         
93138   0.994798       0.9999         
93139   0.99638        0.9999         
93140   0.993209       0.9999         
93141   0.991682       0.9999         
93143   0.99151        0.9999         
93144   0.994598       0.9999         
93145   0.99287        0.9999         
93147   0.994814       0.9999         
93148   0.994567       0.9999         
891     0.992296       0.9999         
894     0.99363        0.9999         
895     0.993756       0.9999         
911     0.992376       0.9999         
912     0.993111       0.9999         
923     0.993348       0.9999         
933     0.991625       0.9999         
934     0.991961       0.9999         
935     0.991399       0.9999         
936     0.991998       0.9999         
938     0.991774       0.9999         
941     0.993389       0.9999         
942     0.992653       0.9999         
943     0.992789       0.9999         
944     0.992685       0.9999         
945     0.988759       0.9999         
946     0.990063       0.9999         
947     0.990197       0.9999         
