93649   0.0103353      0.991935       
93650   0.0106484      0.992331       
93651   0.0104552      0.991412       
93652   0.00997447     0.991041       
93653   0.0102927      0.991959       
93654   0.0105064      0.992392       
93655   0.0103081      0.992165       
93656   0.0109445      0.992173       
93657   0.010877       0.992133       
93658   0.0105366      0.992084       
93659   0.0108916      0.991273       
93660   0.0104032      0.991338       
93661   0.0103409      0.99183        
93662   0.010282       0.991692       
93667   0.0106225      0.992194       
93668   0.0105444      0.991316       
93670   0.0105053      0.991667       
93671   0.0101335      0.991594       
93672   0.0109061      0.991558       
93673   0.0104637      0.992613       
93674   0.0109388      0.992332       
93675   0.00984461     0.992099       
93676   0.0105107      0.99186        
93679   0.0105177      0.991877       
93680   0.0105444      0.992424       
93681   0.010383       0.991019       
93682   0.0112999      0.992001       
93683   0.0109699      0.992343       
93684   0.0108664      0.991913       
93685   0.0108549      0.991072       
93686   0.0102818      0.991431       
93687   0.0104623      0.992217       
93688   0.010288       0.990757       
93689   0.0105222      0.991395       
93690   0.0107522      0.991886       
93691   0.010971       0.99182        
93692   0.0100259      0.992642       
93695   0.0100828      0.992531       
93696   0.0110757      0.991577       
93697   0.0106773      0.991671       
93698   0.0106222      0.99247        
93592   0.0105433      0.992682       
93594   0.00912973     0.992767       
93595   0.00946914     0.993555       
93596   0.0107115      0.991692       
93598   0.0103236      0.992806       
93599   0.010076       0.99238        
93600   0.010429       0.992117       
93601   0.0107041      0.992491       
93602   0.0105621      0.991926       
93603   0.0102297      0.991805       
93605   0.0104006      0.99196        
93606   0.0107854      0.992721       
93607   0.00974424     0.99124        
93608   0.0103901      0.992594       
93610   0.0106236      0.99229        
93611   0.0109913      0.991471       
93612   0.0107238      0.992267       
93613   0.0103613      0.992455       
93614   0.0109804      0.991815       
93616   0.010281       0.991814       
93617   0.0100984      0.990869       
93618   0.0108206      0.992241       
93620   0.0105795      0.992984       
93621   0.0110194      0.992668       
93622   0.00988911     0.992474       
93623   0.0105933      0.992739       
93624   0.010618       0.992834       
93625   0.00946571     0.992732       
93626   0.0100225      0.993929       
93627   0.0111002      0.991493       
93628   0.0104749      0.990683       
93629   0.0103821      0.991288       
93635   0.0110793      0.992009       
93638   0.0104959      0.992145       
93641   0.0109554      0.993089       
93642   0.0106901      0.993902       
93643   0.0112249      0.992119       
93775   0.0100204      0.99261        
93776   0.0100248      0.993192       
93777   0.0107129      0.992634       
93778   0.0111881      0.992662       
93779   0.00975435     0.994125       
93780   0.0101154      0.992243       
93781   0.0103556      0.992429       
93782   0.0107853      0.99264        
93783   0.0120084      0.99459        
93784   0.0105731      0.991867       
93785   0.0113503      0.99192        
93709   0.012569       0.993424       
93710   0.0111535      0.992867       
93711   0.0110552      0.992636       
93712   0.010901       0.992823       
93713   0.0114458      0.99278        
93714   0.0116019      0.99263        
93715   0.0103291      0.992063       
93716   0.0104786      0.992791       
93717   0.0105354      0.993811       
93718   0.0109205      0.992573       
93719   0.0116985      0.992371       
93720   0.011427       0.992449       
93721   0.011504       0.992596       
93722   0.0105393      0.993217       
93723   0.0127153      0.992439       
93724   0.0108203      0.99286        
93725   0.0106404      0.992672       
93726   0.0108723      0.992274       
93727   0.0105884      0.992265       
93728   0.0119442      0.99245        
93730   0.0107212      0.990777       
93733   0.0108795      0.993212       
93734   0.0105263      0.991478       
93739   0.0111607      0.992249       
93740   0.0100914      0.992761       
93742   0.0120158      0.99034        
93743   0.0117956      0.989945       
93744   0.0114295      0.987924       
93745   0.0116338      0.989892       
93746   0.010875       0.988802       
93747   0.0111801      0.992683       
93751   0.00981767     0.992176       
93753   0.013824       0.992969       
93754   0.0133977      0.991506       
93761   0.0115206      0.990637       
93762   0.00980018     0.989853       
93765   0.0117492      0.990752       
93766   0.0126098      0.99032        
93767   0.0121176      0.990226       
93768   0.0113318      0.991795       
93769   0.0111103      0.991264       
93770   0.0116048      0.990413       
93771   0.0115907      0.991437       
93772   0.0109479      0.990663       
93773   0.0126606      0.991841       
93987   0.0103878      0.992608       
93988   0.011862       0.992362       
93989   0.0101276      0.993169       
93990   0.0107968      0.993508       
93991   0.0125823      0.99371        
93992   0.0106147      0.992795       
93993   0.0102511      0.993021       
93994   0.0111439      0.991965       
93995   0.0102278      0.993585       
93996   0.00933481     0.99204        
93997   0.00999502     0.993321       
93998   0.0107395      0.993999       
93999   0.0114514      0.994003       
94002   0.0113736      0.993111       
94010   0.0112043      0.9921         
94011   0.0103734      0.993907       
94012   0.00950858     0.993018       
94013   0.0107354      0.99351        
94014   0.0104083      0.993993       
94025   0.0153012      0.992243       
94026   0.0142326      0.99321        
94034   0.012601       0.989508       
94037   0.0126595      0.990961       
94038   0.0122182      0.990596       
94039   0.014454       0.99017        
94042   0.013495       0.991607       
94043   0.0147274      0.991502       
94044   0.0140833      0.991742       
94045   0.0149716      0.991352       
94046   0.0131626      0.991414       
94047   0.0141669      0.990761       
94048   0.0120909      0.990329       
94049   0.0125291      0.991862       
94050   0.014138       0.991436       
94051   0.0129154      0.989927       
94052   0.0140044      0.990532       
94054   0.0140894      0.989483       
94055   0.0127347      0.991573       
94057   0.0129247      0.990261       
94058   0.0121646      0.993324       
94060   0.0151056      0.98923        
94061   0.0132275      0.98877        
94062   0.0134344      0.990784       
94063   0.0122255      0.990699       
94064   0.012116       0.99108        
94065   0.0134653      0.991025       
94066   0.0132033      0.989183       
93823   0.0202073      0.992896       
93828   0.0109256      0.992679       
93829   0.0194277      0.99142        
93830   0.0156926      0.989118       
93831   0.0176917      0.989215       
93832   0.0167123      0.984021       
93833   0.019917       0.984306       
93834   0.0174306      0.986315       
93835   0.0171224      0.984511       
93836   0.0259179      0.988444       
93839   0.0171291      0.988997       
93846   0.0205237      0.988155       
93847   0.0141021      0.986553       
93849   0.0194494      0.987848       
93851   0.0156556      0.988604       
93855   0.0163982      0.990675       
93856   0.0193386      0.986058       
93857   0.0213888      0.988499       
93858   0.0168042      0.987005       
93859   0.0308972      0.986486       
93860   0.0177936      0.988655       
93861   0.0183078      0.989156       
93862   0.0223325      0.98985        
93863   0.0186226      0.98764        
93864   0.0166542      0.985752       
93865   0.0144645      0.985279       
93867   0.0188011      0.98462        
93868   0.0393858      0.985539       
93874   0.0205292      0.987852       
93875   0.0167177      0.984907       
93876   0.0168043      0.986731       
93877   0.0151578      0.984148       
93878   0.0169779      0.985865       
93879   0.0144638      0.987882       
93881   0.0161978      0.987273       
93882   0.0183464      0.989386       
93883   0.0153978      0.989669       
93884   0.0168507      0.987357       
93885   0.0137536      0.988798       
93886   0.0157259      0.98812        
93887   0.0119048      0.98376        
93889   0.0129269      0.989383       
93890   0.0158808      0.987571       
93891   0.014259       0.992103       
93892   0.0137051      0.986073       
93893   0.0220744      0.98547        
93895   0.0193017      0.985228       
93896   0.0265096      0.984202       
93899   0.0159027      0.984608       
93900   0.0179036      0.989001       
93901   0.0150376      0.984322       
93902   0.0155391      0.990331       
93903   0.0192593      0.985692       
93904   0.0162639      0.986703       
93905   0.0156316      0.987001       
93906   0.0182952      0.98512        
93907   0.0178417      0.984983       
93908   0.0149609      0.989542       
93937   0.01684        0.987792       
93938   0.0236742      0.993927       
93940   0.0177936      0.98767        
93941   0.0201647      0.990036       
93942   0.0131422      0.986879       
93943   0.0161179      0.988321       
93944   0.0160875      0.986339       
93973   0.0131239      0.994137       
93975   0.0160285      0.993346       
93976   0.0199551      0.988298       
93978   0.013528       0.990566       
93979   0.0158544      0.983146       
93980   0.00765306     0.987171       
93981   0.016152       0.981846       
93982   0.0141529      0.989206       
93983   0.0123762      0.988705       
93984   0.0168566      0.98962        
93985   0.0191865      0.982801       
3079    0.0134591      0.994325       
3080    0.0139058      0.99442        
3081    0.0125224      0.995906       
3082    0.0129675      0.995414       
3083    0.0129002      0.995245       
3084    0.0129799      0.995018       
3085    0.0114948      0.993571       
3088    0.0115742      0.990973       
3089    0.0114034      0.991875       
3090    0.0116394      0.99304        
3091    0.0115378      0.993395       
3096    0.0114656      0.994403       
3097    0.0116254      0.993524       
3099    0.0114963      0.994151       
3104    0.011108       0.99216        
3105    0.0110984      0.992002       
3106    0.0108771      0.992711       
3107    0.0110059      0.99285        
3108    0.0112485      0.993668       
3109    0.0109386      0.993695       
3110    0.0103399      0.991026       
3111    0.0102656      0.991138       
3154    0.0119741      0.996307       
3155    0.0126742      0.996219       
3156    0.0126893      0.996006       
3157    0.011438       0.995087       
3158    0.0113421      0.995101       
3159    0.0112848      0.995655       
3160    0.0111129      0.995504       
3161    0.011487       0.995467       
3162    0.01065        0.99581        
3163    0.0114269      0.995389       
3164    0.0110084      0.995004       
3166    0.0108332      0.994236       
3167    0.0108757      0.993839       
3112    0.0120733      0.996783       
3113    0.0128156      0.996583       
3114    0.0132351      0.996236       
3115    0.0124142      0.99654        
3116    0.0112812      0.995738       
3117    0.0110681      0.996466       
3118    0.0107809      0.996903       
3120    0.0112841      0.99597        
3121    0.011618       0.995955       
3124    0.0109992      0.995088       
3125    0.0109538      0.995008       
3126    0.0101905      0.994129       
3127    0.0107867      0.994741       
3171    0.0119098      0.996094       
3172    0.0119137      0.99676        
3173    0.0114623      0.996908       
3174    0.0115077      0.996137       
3175    0.0111285      0.996804       
3176    0.0114577      0.996491       
3177    0.0108607      0.99752        
3178    0.0115428      0.99585        
3179    0.0112954      0.995215       
3181    0.0106232      0.995436       
3131    0.0115647      0.996966       
3132    0.0118649      0.996617       
3133    0.0128534      0.997096       
3134    0.0115967      0.996918       
3135    0.0110664      0.996604       
3136    0.0110631      0.997212       
3137    0.0104507      0.997765       
3138    0.0107871      0.99676        
3139    0.0107456      0.996475       
3140    0.00974022     0.995992       
3141    0.0110277      0.995942       
3142    0.0103955      0.995627       
3143    0.0103086      0.995636       
3144    0.0108324      0.995814       
93093   0.013468       0.996513       
93094   0.00905784     0.997036       
93095   0.00960793     0.997561       
93096   0.00960282     0.996775       
93097   0.0103975      0.99614        
93098   0.0101167      0.997075       
93099   0.0109498      0.996537       
93100   0.00803242     0.997425       
93101   0.0189873      0.998344       
93102   0.0102605      0.993485       
93103   0.0100515      0.996698       
93104   0.0104661      0.997379       
93105   0.00891356     0.996481       
93106   0.0100582      0.996832       
93107   0.0101628      0.99736        
93108   0.0102448      0.996073       
93109   0.0085323      0.996429       
93110   0.010602       0.99563        
93114   0.0125969      0.998987       
93115   0.0119494      0.997416       
93116   0.00928591     0.996017       
93117   0.00877193     0.997212       
93118   0.00888003     0.997532       
93119   0.0105485      0.998515       
93120   0.0106987      0.996291       
93121   0.0117205      0.996517       
93122   0.00985888     0.997879       
93123   0.0115385      0.998994       
93045   0.00968462     0.997469       
93046   0.0135387      0.998777       
93047   0.0101139      0.998744       
93051   0.00901596     0.996828       
93052   0.00955226     0.997337       
93055   0.00934331     0.997952       
93056   0.010457       0.995979       
93057   0.0108965      0.997738       
93058   0.00960384     0.997284       
93059   0.00815931     0.997496       
93060   0.00879479     0.997183       
93061   0.0116585      0.996072       
93064   0.0101286      0.995772       
93065   0.00711307     0.995627       
93071   0.00931942     0.997793       
93073   0.0113074      0.998524       
93074   0.00896861     0.998207       
93075   0.00982399     0.997871       
93076   0.0112378      0.997635       
93077   0.00929715     0.997993       
93078   0.00889359     0.996284       
93079   0.00948679     0.997436       
93080   0.00822626     0.998361       
93081   0.00745342     0.998328       
93082   0.00915409     0.998761       
93084   0.00888441     0.997307       
93085   0.0107663      0.997335       
93088   0.00981595     0.994311       
93089   0.00718924     0.997562       
93090   0.00901997     0.997746       
93091   0.010277       0.996501       
93126   0.0102963      0.996557       
93127   0.00771133     0.997145       
93131   0.0123874      0.994166       
93132   0.00968548     0.998348       
93133   0.00821918     0.996566       
93134   0.00817114     0.997187       
93135   0.00958977     0.997432       
93136   0.00967144     0.99651        
93137   0.00784127     0.998138       
93138   0.0114226      0.997824       
93139   0.00550747     0.998353       
93140   0.00879911     0.996084       
93141   0.00855175     0.99718        
93143   0.00686741     0.997825       
93144   0.00871055     0.997755       
93145   0.0092292      0.99651        
93147   0.00901401     0.996341       
93148   0.00839506     0.99701        
891     0.0123694      0.983993       
894     0.0118142      0.972181       
895     0.0119943      0.973003       
911     0.0124111      0.97502        
912     0.0121722      0.978941       
923     0.0121277      0.971564       
933     0.0113963      0.995292       
934     0.0114054      0.995633       
935     0.0116824      0.995593       
936     0.0118344      0.992822       
938     0.0119013      0.992109       
941     0.0107643      0.995918       
942     0.0109058      0.995577       
943     0.0108211      0.995702       
944     0.0108541      0.995527       
945     0.0105735      0.992559       
946     0.0109096      0.993994       
947     0.0107488      0.994085       
3180    0.0107495      0.995444       
