93649   0.0103969      0.991348       
93650   0.0106599      0.992889       
93651   0.010481       0.990923       
93652   0.00996284     0.991575       
93653   0.0102906      0.994106       
93654   0.0104981      0.991264       
93656   0.010986       0.992894       
93657   0.0108596      0.992316       
93658   0.0105216      0.992409       
93659   0.0108992      0.99281        
93660   0.0104017      0.993207       
93661   0.0103252      0.993481       
93662   0.0102795      0.840244       
93667   0.0106668      0.849485       
93668   0.0105785      0.992561       
93670   0.0105146      0.993394       
93671   0.0101375      0.993628       
93672   0.0109504      0.990318       
93673   0.0105183      0.992417       
93674   0.0109693      0.99039        
93675   0.00987824     0.992503       
93676   0.0104606      0.991523       
93679   0.0105287      0.990272       
93680   0.0105675      0.992544       
93681   0.0104254      0.990735       
93682   0.0113141      0.991883       
93683   0.0109927      0.992728       
93684   0.0109038      0.869801       
93685   0.0109264      0.993216       
93686   0.0102985      0.993255       
93687   0.0104931      0.994086       
93688   0.0102904      0.991496       
93689   0.0105636      0.991127       
93690   0.0107474      0.991903       
93691   0.0110594      0.992038       
93692   0.0101009      0.992598       
93695   0.0100685      0.992351       
93696   0.0110811      0.992381       
93697   0.0107085      0.990997       
93698   0.0106719      0.993568       
93592   0.0105251      0.994595       
93594   0.0091225      0.994368       
93595   0.00947689     0.995498       
93596   0.0105867      0.993262       
93598   0.0103157      0.993508       
93599   0.0100882      0.992818       
93600   0.0104178      0.993612       
93601   0.0106956      0.992612       
93602   0.0105268      0.99244        
93603   0.0102927      0.993376       
93605   0.0105057      0.992764       
93606   0.0107273      0.992648       
93607   0.00973458     0.991363       
93608   0.0104425      0.993203       
93610   0.0106145      0.993188       
93611   0.0110018      0.992687       
93612   0.0106618      0.992139       
93613   0.0103404      0.993306       
93614   0.0109904      0.991747       
93616   0.0102596      0.992917       
93617   0.0101019      0.992337       
93618   0.0108629      0.993989       
93620   0.0105533      0.994104       
93621   0.0110178      0.995098       
93622   0.00989664     0.994175       
93623   0.0105747      0.995055       
93624   0.0106037      0.994907       
93625   0.00946713     0.994659       
93626   0.00998507     0.995815       
93627   0.0111307      0.880126       
93628   0.0105214      0.855556       
93629   0.0104771      0.99198        
93635   0.0110019      0.991412       
93638   0.0103566      0.994037       
93641   0.0109678      0.993679       
93642   0.0107323      0.994868       
93643   0.0111556      0.871094       
93775   0.0100295      0.994235       
93776   0.00997168     0.852502       
93777   0.0107007      0.993653       
93778   0.0111126      0.99222        
93779   0.00963935     0.99377        
93780   0.0100849      0.992668       
93781   0.0104247      0.992109       
93782   0.0107381      0.992088       
93783   0.0120592      0.993785       
93784   0.0105632      0.991638       
93785   0.0113115      0.99051        
93709   0.0125273      0.849462       
93710   0.0112023      0.993979       
93711   0.0110172      0.993957       
93712   0.010925       0.993529       
93713   0.0114615      0.994118       
93714   0.0115729      0.994089       
93715   0.0102535      0.994194       
93716   0.0104454      0.992655       
93717   0.010458       0.994787       
93718   0.0109543      0.992658       
93719   0.0116186      0.992959       
93720   0.0113499      0.993332       
93721   0.0115146      0.993178       
93722   0.0104778      0.993581       
93723   0.0125677      0.901099       
93724   0.0107634      0.994229       
93725   0.0106273      0.994904       
93726   0.0109494      0.99473        
93727   0.0105522      0.993493       
93728   0.0118994      0.992462       
93730   0.010771       0.994236       
93733   0.0108766      0.992703       
93734   0.0105665      0.991942       
93739   0.0110669      0.992412       
93740   0.0100941      0.993267       
93742   0.011899       0.993021       
93743   0.0116736      0.993358       
93744   0.0114312      0.99127        
93745   0.0115905      0.993742       
93746   0.0108489      0.991874       
93747   0.0111457      0.84507        
93751   0.00980392     0.75           
93753   0.0136836      0.916667       
93754   0.0133536      0.991154       
93761   0.0115254      0.990283       
93762   0.00977467     0.993361       
93765   0.0117857      0.990115       
93766   0.0123307      0.991969       
93767   0.0119479      0.989335       
93768   0.0112171      0.992806       
93769   0.0109988      0.991763       
93770   0.0116195      0.99058        
93771   0.0116483      0.991666       
93772   0.0109267      0.990606       
93773   0.0126249      0.992456       
93987   0.0104187      0.992738       
93988   0.01182        0.99146        
93989   0.0100119      0.992945       
93990   0.0109656      0.99332        
93991   0.0125349      0.994582       
93992   0.0104579      0.993411       
93993   0.0102808      0.992468       
93994   0.0111068      0.992934       
93995   0.0101536      0.995139       
93996   0.00942967     0.992772       
93997   0.0098383      0.994325       
93998   0.0105881      0.994566       
93999   0.0113317      0.994195       
94002   0.0113333      0.995752       
94010   0.0111594      0.994774       
94011   0.0102457      0.86645        
94012   0.00947384     0.994657       
94013   0.0107023      0.994568       
94014   0.0103577      0.994255       
94025   0.0148792      0.993247       
94026   0.014189       0.992968       
94034   0.0125444      0.990681       
94037   0.0122113      0.990909       
94038   0.0120927      0.990716       
94039   0.0141853      0.987646       
94042   0.0134396      0.992362       
94043   0.0144642      0.992352       
94044   0.0140155      0.994651       
94045   0.014586       0.991243       
94046   0.0129441      0.989825       
94047   0.0138471      0.991432       
94048   0.0121317      0.991558       
94049   0.0121933      0.993172       
94050   0.0137952      0.990088       
94051   0.0126509      0.990927       
94052   0.0136831      0.990864       
94054   0.0140442      0.987633       
94055   0.012618       0.991721       
94057   0.0128185      0.993888       
94058   0.012157       0.882759       
94060   0.0150539      0.991829       
94061   0.0133903      0.991474       
94062   0.0132951      0.99299        
94063   0.0122556      0.989376       
94064   0.0120092      0.992593       
94065   0.013429       0.991722       
94066   0.0127943      0.989657       
93823   0.0181253      0.875          
93828   0.0102881      0.878788       
93829   0.0187541      0.840909       
93830   0.0148649      0.987168       
93831   0.0181869      0.985902       
93832   0.0161246      0.981096       
93833   0.0192837      0.986965       
93834   0.0164622      0.985075       
93835   0.017294       0.984266       
93836   0.0252343      0.992823       
93839   0.0168472      0.984925       
93846   0.020033       0.982301       
93847   0.0135207      0.992323       
93849   0.0182362      0.993778       
93851   0.0157718      0.992331       
93855   0.0163504      0.988706       
93856   0.0184203      0.985591       
93857   0.0207906      0.986598       
93858   0.0165037      0.992432       
93859   0.0297442      0.985887       
93860   0.0181245      0.991989       
93861   0.0187238      0.987889       
93862   0.0227498      0.988525       
93863   0.0185835      0.985915       
93864   0.0166006      0.98903        
93865   0.0144105      0.989933       
93867   0.0192882      0.987488       
93868   0.0379747      0.980815       
93874   0.0191083      0.984615       
93875   0.0172318      0.98466        
93876   0.0164913      0.985465       
93877   0.0142976      0.981792       
93878   0.0167151      0.987102       
93879   0.0159283      0.993333       
93881   0.0153387      0.989766       
93882   0.0178232      0.985798       
93883   0.0145134      0.990157       
93884   0.0165026      0.981481       
93885   0.013992       0.980943       
93886   0.0159843      0.979611       
93887   0.0118906      0.991853       
93889   0.0128945      0.985593       
93890   0.0158228      0.98732        
93891   0.013078       0.989852       
93892   0.0138987      0.988655       
93893   0.0208333      0.987654       
93895   0.017842       0.976631       
93896   0.0242826      0.984733       
93899   0.0154134      0.987055       
93900   0.0175691      0.989785       
93901   0.0149898      0.982893       
93902   0.0154762      0.988206       
93903   0.020558       1              
93904   0.0162375      0.984603       
93905   0.0147679      0.985876       
93906   0.0186413      0.98705        
93907   0.0169443      0.98756        
93908   0.0152387      0.990268       
93937   0.0153617      0.987973       
93938   0.0244821      0.75           
93940   0.0171801      0.985027       
93941   0.0192635      0.984568       
93942   0.0128786      0.987281       
93943   0.0158657      0.988541       
93944   0.0160462      0.982222       
93973   0.0132359      0.972973       
93975   0.0151246      0.990164       
93976   0.0184309      0.981148       
93978   0.0128342      0.88           
93979   0.0152136      0.981855       
93980   0.00762389     0.991597       
93981   0.0156398      0.978964       
93982   0.0141471      0.994374       
93983   0.0107084      0.980769       
93984   0.0165877      0.991803       
93985   0.0198777      0.979058       
3079    0.0134591      0.994733       
3080    0.0139058      0.994852       
3081    0.0125224      0.925907       
3082    0.0129675      0.994992       
3083    0.0129002      0.995216       
3084    0.0129799      0.99453        
3085    0.0114948      0.993326       
3088    0.0115742      0.990305       
3089    0.0114034      0.99132        
3090    0.0116394      0.992895       
3091    0.0115378      0.889018       
3096    0.0114656      0.994329       
3097    0.0116254      0.993301       
3104    0.011108       0.990863       
3105    0.0110984      0.9908         
3106    0.0108771      0.992144       
3107    0.0110059      0.992369       
3108    0.0112485      0.883978       
3109    0.0109386      0.887027       
3110    0.0103399      0.992017       
3111    0.0102656      0.992104       
3154    0.0119741      0.932821       
3155    0.0126742      0.996116       
3156    0.0126893      0.995461       
3157    0.011438       0.994751       
3158    0.0113421      0.994809       
3159    0.0112848      0.996241       
3160    0.0111129      0.996059       
3161    0.011487       0.99548        
3162    0.01065        0.996315       
3163    0.0114269      0.888801       
3164    0.0110084      0.890466       
3166    0.0108332      0.993844       
3167    0.0108757      0.992839       
3112    0.0120733      0.924506       
3113    0.0128156      0.996421       
3114    0.0132351      0.996482       
3115    0.0124142      0.996393       
3116    0.0112812      0.99554        
3117    0.0110681      0.997026       
3118    0.0107809      0.997481       
3120    0.0112841      0.995985       
3121    0.011618       0.888773       
3124    0.0109992      0.885071       
3125    0.0109538      0.99472        
3126    0.0101905      0.995064       
3127    0.0107867      0.993953       
3171    0.0119098      0.888889       
3172    0.0119137      0.996706       
3173    0.0114623      0.996712       
3174    0.0115077      0.996361       
3175    0.0111285      0.997289       
3176    0.0114577      0.996767       
3177    0.0108607      0.998201       
3178    0.0115428      0.919065       
3179    0.0112954      0.89312        
3180    0.0107495      0.995428       
3181    0.0106232      0.995123       
3131    0.0115647      0.933862       
3132    0.0118649      0.996764       
3133    0.0128534      0.997392       
3134    0.0115967      0.997004       
3135    0.0110664      0.996626       
3136    0.0110631      0.997688       
3137    0.0104507      0.998222       
3138    0.0107871      0.997018       
3139    0.0107456      0.910331       
3140    0.00974022     0.886819       
3141    0.0110277      0.996238       
3142    0.0103955      0.995714       
3143    0.0103086      0.996547       
3144    0.0108324      0.995502       
93093   0.0118143      0.818182       
93094   0.00912598     0.997157       
93095   0.0097209      0.997647       
93096   0.00959791     0.997466       
93097   0.0103377      0.996857       
93098   0.00998315     0.997523       
93099   0.0108799      0.997183       
93100   0.00802313     0.997961       
93101   0.0189873      0.909091       
93102   0.0102282      0.857143       
93103   0.010295       0.996853       
93104   0.0104597      0.998198       
93105   0.00891106     0.997141       
93106   0.0100786      0.99757        
93107   0.0101583      0.998037       
93108   0.0101981      0.996789       
93109   0.00866824     0.996545       
93110   0.0109641      0.931034       
93114   0.0145208      1              
93115   0.011941       0.997501       
93116   0.00937007     0.996971       
93117   0.00937819     0.99812        
93118   0.00887279     0.997231       
93119   0.0105485      0.999005       
93120   0.0106017      0.997263       
93121   0.0119359      0.996637       
93122   0.00985507     0.997811       
93123   0.0115385      1              
93045   0.00980441     0.998191       
93046   0.0137561      0.979167       
93047   0.0100353      0.999188       
93051   0.00883539     0.99734        
93052   0.00954563     0.997649       
93055   0.00938219     0.998579       
93056   0.0104449      0.945946       
93057   0.0108956      0.998047       
93058   0.00922765     0.998239       
93059   0.00825761     0.997673       
93060   0.00887116     0.997677       
93061   0.00904636     0.882353       
93064   0.0102795      0.996712       
93065   0.00686527     0.996533       
93071   0.00937889     0.997673       
93073   0.0106007      0.909091       
93074   0.00891784     0.998596       
93075   0.0102166      0.958333       
93076   0.0111512      0.998377       
93077   0.00924609     0.9985         
93078   0.00888751     0.996971       
93079   0.00948304     0.997013       
93080   0.00829811     0.998528       
93081   0.00745077     0.998962       
93082   0.00923142     0.99892        
93084   0.00897025     0.997508       
93085   0.010133       1              
93088   0.00981595     0.857143       
93089   0.00703354     0.998044       
93090   0.00901581     0.998282       
93091   0.010277       0.996622       
93126   0.0102162      0.997417       
93127   0.00759181     0.99739        
93131   0.011274       1              
93132   0.00967641     0.999266       
93133   0.00806452     0.99729        
93134   0.00816836     0.998049       
93135   0.00964269     0.997916       
93136   0.00973123     0.997896       
93137   0.00783848     0.998566       
93138   0.0124352      0.888889       
93139   0.00550747     1              
93140   0.0086698      0.996529       
93141   0.00854606     0.997001       
93143   0.00686741     0.916667       
93144   0.00880644     0.998223       
93145   0.00915856     0.997062       
93147   0.00891702     0.997178       
93148   0.00851536     0.997358       
891     0.0123694      0.897153       
894     0.0118142      0.97253        
895     0.0119943      0.973877       
911     0.0124111      0.973341       
912     0.0121722      0.978659       
923     0.0121277      0.972236       
933     0.0113963      0.994758       
934     0.0114054      0.995498       
935     0.0116824      0.891928       
936     0.0118344      0.866126       
938     0.0119013      0.880889       
941     0.0107643      0.996364       
942     0.0109058      0.996114       
943     0.0108211      0.996261       
944     0.0108541      0.99613        
945     0.0105735      0.992732       
946     0.0109096      0.992205       
947     0.0107488      0.992441       
