93649   0.0103969      0.99142        
93650   0.0106599      0.992937       
93651   0.010481       0.990581       
93652   0.00996284     0.99161        
93653   0.0102906      0.994334       
93654   0.0104981      0.991206       
93656   0.010986       0.992778       
93657   0.0108596      0.992422       
93658   0.0105216      0.992491       
93659   0.0108992      0.99298        
93660   0.0104017      0.993356       
93661   0.0103252      0.993454       
93662   0.0102795      0.8382         
93667   0.0106668      0.853002       
93668   0.0105785      0.992816       
93670   0.0105146      0.993201       
93671   0.0101375      0.993708       
93672   0.0109504      0.990471       
93673   0.0105183      0.992759       
93674   0.0109693      0.990252       
93675   0.00987824     0.992977       
93676   0.0104606      0.991802       
93679   0.0105287      0.990928       
93680   0.0105675      0.992693       
93681   0.0104254      0.990809       
93682   0.0113141      0.992206       
93683   0.0109927      0.992722       
93684   0.0109038      0.8663         
93685   0.0109264      0.993299       
93686   0.0102985      0.993432       
93687   0.0104931      0.994076       
93688   0.0102904      0.991867       
93689   0.0105636      0.991312       
93690   0.0107474      0.991897       
93691   0.0110594      0.991911       
93692   0.0101009      0.992951       
93695   0.0100685      0.992838       
93696   0.0110811      0.992448       
93697   0.0107085      0.991204       
93698   0.0106719      0.99336        
93592   0.0105251      0.994576       
93594   0.0091225      0.994198       
93595   0.00947689     0.99535        
93596   0.0105867      0.993106       
93598   0.0103157      0.993442       
93599   0.0100882      0.993266       
93600   0.0104178      0.993341       
93601   0.0106956      0.992722       
93602   0.0105268      0.992741       
93603   0.0102927      0.993197       
93605   0.0105057      0.992849       
93606   0.0107273      0.992304       
93607   0.00973458     0.991782       
93608   0.0104425      0.993311       
93610   0.0106145      0.993077       
93611   0.0110018      0.992803       
93612   0.0106618      0.992389       
93613   0.0103404      0.993088       
93614   0.0109904      0.991524       
93616   0.0102596      0.99299        
93617   0.0101019      0.992388       
93618   0.0108629      0.994132       
93620   0.0105533      0.994306       
93621   0.0110178      0.995184       
93622   0.00989664     0.994141       
93623   0.0105747      0.994866       
93624   0.0106037      0.994804       
93625   0.00946713     0.994657       
93626   0.00998507     0.995734       
93627   0.0111307      0.865815       
93628   0.0105214      0.83871        
93629   0.0104771      0.991935       
93635   0.0110019      0.991434       
93638   0.0103566      0.993819       
93641   0.0109678      0.993706       
93642   0.0107323      0.994882       
93643   0.0111556      0.867704       
93775   0.0100295      0.994262       
93776   0.00997168     0.854222       
93777   0.0107007      0.993726       
93778   0.0111126      0.99234        
93779   0.00963935     0.993585       
93780   0.0100849      0.993194       
93781   0.0104247      0.992436       
93782   0.0107381      0.992115       
93783   0.0120592      0.993212       
93784   0.0105632      0.991825       
93785   0.0113115      0.991049       
93709   0.0125273      0.829787       
93710   0.0112023      0.994081       
93711   0.0110172      0.994065       
93712   0.010925       0.993531       
93713   0.0114615      0.994095       
93714   0.0115729      0.99398        
93715   0.0102535      0.993993       
93716   0.0104454      0.992728       
93717   0.010458       0.994545       
93718   0.0109543      0.992829       
93719   0.0116186      0.992827       
93720   0.0113499      0.99357        
93721   0.0115146      0.993352       
93722   0.0104778      0.99404        
93723   0.0125677      0.931034       
93724   0.0107634      0.99434        
93725   0.0106273      0.994935       
93726   0.0109494      0.994571       
93727   0.0105522      0.993394       
93728   0.0118994      0.992402       
93730   0.010771       0.994138       
93733   0.0108766      0.993041       
93734   0.0105665      0.992272       
93739   0.0110669      0.990935       
93740   0.0100941      0.992468       
93742   0.011899       0.992527       
93743   0.0116736      0.993289       
93744   0.0114312      0.991056       
93745   0.0115905      0.993911       
93746   0.0108489      0.992046       
93747   0.0111457      0.833333       
93751   0.00980392     0.818182       
93753   0.0136836      0.918033       
93754   0.0133536      0.990924       
93761   0.0115254      0.990281       
93762   0.00977467     0.993064       
93765   0.0117857      0.990143       
93766   0.0123307      0.991444       
93767   0.0119479      0.989766       
93768   0.0112171      0.992218       
93769   0.0109988      0.991661       
93770   0.0116195      0.990942       
93771   0.0116483      0.991707       
93772   0.0109267      0.990552       
93773   0.0126249      0.992463       
93987   0.0104187      0.992239       
93988   0.01182        0.991403       
93989   0.0100119      0.99266        
93990   0.0109656      0.993383       
93991   0.0125349      0.994423       
93992   0.0104579      0.993281       
93993   0.0102808      0.992448       
93994   0.0111068      0.992221       
93995   0.0101536      0.994931       
93996   0.00942967     0.993191       
93997   0.0098383      0.994186       
93998   0.0105881      0.994703       
93999   0.0113317      0.994466       
94002   0.0113333      0.996027       
94010   0.0111594      0.994966       
94011   0.0102457      0.866242       
94012   0.00947384     0.994706       
94013   0.0107023      0.994286       
94014   0.0103577      0.994577       
94025   0.0148792      0.992676       
94026   0.014189       0.992467       
94034   0.0125444      0.991404       
94037   0.0122113      0.990637       
94038   0.0120927      0.990574       
94039   0.0141853      0.987207       
94042   0.0134396      0.99294        
94043   0.0144642      0.991934       
94044   0.0140155      0.994449       
94045   0.014586       0.990953       
94046   0.0129441      0.989348       
94047   0.0138471      0.992036       
94048   0.0121317      0.992151       
94049   0.0121933      0.993164       
94050   0.0137952      0.990464       
94051   0.0126509      0.990737       
94052   0.0136831      0.990596       
94054   0.0140442      0.986582       
94055   0.012618       0.991791       
94057   0.0128185      0.993906       
94058   0.012157       0.881944       
94060   0.0150539      0.991427       
94061   0.0133903      0.991041       
94062   0.0132951      0.992208       
94063   0.0122556      0.989247       
94064   0.0120092      0.99262        
94065   0.013429       0.991924       
94066   0.0127943      0.989254       
93823   0.0181253      0.875          
93828   0.0102881      0.896552       
93829   0.0187541      0.795455       
93830   0.0148649      0.988029       
93831   0.0181869      0.985942       
93832   0.0161246      0.981939       
93833   0.0192837      0.985981       
93834   0.0164622      0.984          
93835   0.017294       0.984238       
93836   0.0252343      0.990476       
93839   0.0168472      0.986532       
93846   0.020033       0.980769       
93847   0.0135207      0.992216       
93849   0.0182362      0.993546       
93851   0.0157718      0.991981       
93855   0.0163504      0.987642       
93856   0.0184203      0.984526       
93857   0.0207906      0.988844       
93858   0.0165037      0.993583       
93859   0.0297442      0.987928       
93860   0.0181245      0.988079       
93861   0.0187238      0.986219       
93862   0.0227498      0.990115       
93863   0.0185835      0.987179       
93864   0.0166006      0.986429       
93865   0.0144105      0.990071       
93867   0.0192882      0.987724       
93868   0.0379747      0.978365       
93874   0.0191083      0.984424       
93875   0.0172318      0.986434       
93876   0.0164913      0.98466        
93877   0.0142976      0.981752       
93878   0.0167151      0.985458       
93879   0.0159283      0.993186       
93881   0.0153387      0.989568       
93882   0.0178232      0.984784       
93883   0.0145134      0.988224       
93884   0.0165026      0.981595       
93885   0.013992       0.982036       
93886   0.0159843      0.979648       
93887   0.0118906      0.987879       
93889   0.0128945      0.987533       
93890   0.0158228      0.986475       
93891   0.013078       0.989788       
93892   0.0138987      0.986949       
93893   0.0208333      0.987642       
93895   0.017842       0.977539       
93896   0.0242826      0.987406       
93899   0.0154134      0.982055       
93900   0.0175691      0.98668        
93901   0.0149898      0.984089       
93902   0.0154762      0.987091       
93903   0.020558       0.995025       
93904   0.0162375      0.984038       
93905   0.0147679      0.984485       
93906   0.0186413      0.987234       
93907   0.0169443      0.987317       
93908   0.0152387      0.990208       
93937   0.0153617      0.988275       
93938   0.0244821      0.75           
93940   0.0171801      0.983836       
93941   0.0192635      0.983454       
93942   0.0128786      0.986551       
93943   0.0158657      0.988628       
93944   0.0160462      0.981982       
93973   0.0132359      0.972973       
93975   0.0151246      0.990033       
93976   0.0184309      0.981197       
93978   0.0128342      0.875          
93979   0.0152136      0.979798       
93980   0.00762389     0.989474       
93981   0.0156398      0.979032       
93982   0.0141471      0.992826       
93983   0.0107084      0.980556       
93984   0.0165877      0.990984       
93985   0.0198777      0.978142       
3079    0.0134591      0.994733       
3080    0.0139058      0.994852       
3081    0.0125224      0.925907       
3082    0.0129675      0.994992       
3083    0.0129002      0.995216       
3084    0.0129799      0.99453        
3085    0.0114948      0.993326       
3088    0.0115742      0.990305       
3089    0.0114034      0.99132        
3090    0.0116394      0.992895       
3091    0.0115378      0.889018       
3096    0.0114656      0.994329       
3097    0.0116254      0.993301       
3104    0.011108       0.990863       
3105    0.0110984      0.9908         
3106    0.0108771      0.992144       
3107    0.0110059      0.992369       
3108    0.0112485      0.883978       
3109    0.0109386      0.887027       
3110    0.0103399      0.992017       
3111    0.0102656      0.992104       
3154    0.0119741      0.932821       
3155    0.0126742      0.996116       
3156    0.0126893      0.995461       
3157    0.011438       0.994751       
3158    0.0113421      0.994809       
3159    0.0112848      0.996241       
3160    0.0111129      0.996059       
3161    0.011487       0.99548        
3162    0.01065        0.996315       
3163    0.0114269      0.888801       
3164    0.0110084      0.890466       
3166    0.0108332      0.993844       
3167    0.0108757      0.992839       
3112    0.0120733      0.924506       
3113    0.0128156      0.996421       
3114    0.0132351      0.996482       
3115    0.0124142      0.996393       
3116    0.0112812      0.99554        
3117    0.0110681      0.997026       
3118    0.0107809      0.997481       
3120    0.0112841      0.995985       
3121    0.011618       0.888773       
3124    0.0109992      0.885071       
3125    0.0109538      0.99472        
3126    0.0101905      0.995064       
3127    0.0107867      0.993953       
3171    0.0119098      0.888889       
3172    0.0119137      0.996706       
3173    0.0114623      0.996712       
3174    0.0115077      0.996361       
3175    0.0111285      0.997289       
3176    0.0114577      0.996767       
3177    0.0108607      0.998201       
3178    0.0115428      0.919065       
3179    0.0112954      0.89312        
3180    0.0107495      0.995428       
3181    0.0106232      0.995123       
3131    0.0115647      0.933862       
3132    0.0118649      0.996764       
3133    0.0128534      0.997392       
3134    0.0115967      0.997004       
3135    0.0110664      0.996626       
3136    0.0110631      0.997688       
3137    0.0104507      0.998222       
3138    0.0107871      0.997018       
3139    0.0107456      0.910331       
3140    0.00974022     0.886819       
3141    0.0110277      0.996238       
3142    0.0103955      0.995714       
3143    0.0103086      0.996547       
3144    0.0108324      0.995502       
93093   0.0118143      0.833333       
93094   0.00912598     0.997221       
93095   0.0097209      0.997677       
93096   0.00959791     0.997724       
93097   0.0103377      0.996696       
93098   0.00998315     0.997562       
93099   0.0108799      0.99747        
93100   0.00802313     0.998          
93101   0.0189873      0.888889       
93102   0.0102282      0.846154       
93103   0.010295       0.997317       
93104   0.0104597      0.99814        
93105   0.00891106     0.997179       
93106   0.0100786      0.997654       
93107   0.0101583      0.998003       
93108   0.0101981      0.996784       
93109   0.00866824     0.996902       
93110   0.0109641      0.966667       
93114   0.0145208      1              
93115   0.011941       0.99754        
93116   0.00937007     0.996867       
93117   0.00937819     0.998146       
93118   0.00887279     0.997287       
93119   0.0105485      0.999347       
93120   0.0106017      0.997826       
93121   0.0119359      0.996693       
93122   0.00985507     0.997961       
93123   0.0115385      1              
93045   0.00980441     0.998184       
93046   0.0137561      0.976744       
93047   0.0100353      0.999099       
93051   0.00883539     0.997446       
93052   0.00954563     0.997757       
93055   0.00938219     0.998552       
93056   0.0104449      0.945946       
93057   0.0108956      0.998091       
93058   0.00922765     0.998276       
93059   0.00825761     0.99773        
93060   0.00887116     0.997858       
93061   0.00904636     0.882353       
93064   0.0102795      0.997351       
93065   0.00686527     0.996152       
93071   0.00937889     0.997726       
93073   0.0106007      0.903226       
93074   0.00891784     0.998558       
93075   0.0102166      1              
93076   0.0111512      0.998547       
93077   0.00924609     0.998659       
93078   0.00888751     0.996935       
93079   0.00948304     0.997324       
93080   0.00829811     0.998572       
93081   0.00745077     0.999243       
93082   0.00923142     0.999069       
93084   0.00897025     0.997412       
93085   0.010133       1              
93088   0.00981595     0.928571       
93089   0.00703354     0.998217       
93090   0.00901581     0.998383       
93091   0.010277       0.996571       
93126   0.0102162      0.99735        
93127   0.00759181     0.99758        
93131   0.011274       1              
93132   0.00967641     0.999288       
93133   0.00806452     0.997209       
93134   0.00816836     0.9982         
93135   0.00964269     0.997995       
93136   0.00973123     0.998068       
93137   0.00783848     0.998625       
93138   0.0124352      0.875          
93139   0.00550747     1              
93140   0.0086698      0.996842       
93141   0.00854606     0.997064       
93143   0.00686741     0.923077       
93144   0.00880644     0.998524       
93145   0.00915856     0.997125       
93147   0.00891702     0.997264       
93148   0.00851536     0.997405       
891     0.0123694      0.897153       
894     0.0118142      0.97253        
895     0.0119943      0.973877       
911     0.0124111      0.973341       
912     0.0121722      0.978659       
923     0.0121277      0.972236       
933     0.0113963      0.994758       
934     0.0114054      0.995498       
935     0.0116824      0.891928       
936     0.0118344      0.866126       
938     0.0119013      0.880889       
941     0.0107643      0.996364       
942     0.0109058      0.996114       
943     0.0108211      0.996261       
944     0.0108541      0.99613        
945     0.0105735      0.992732       
946     0.0109096      0.992205       
947     0.0107488      0.992441       
