93649   0.0103969      0.999036       
93650   0.0106599      0.998916       
93651   0.010481       0.998782       
93652   0.00996284     0.999068       
93653   0.0102906      0.998751       
93654   0.0104981      0.999061       
93656   0.010986       0.999074       
93657   0.0108596      0.999231       
93658   0.0105216      0.999139       
93659   0.0108992      0.998958       
93660   0.0104017      0.99891        
93661   0.0103252      0.999124       
93662   0.0102795      0.999024       
93667   0.0106668      0.999064       
93668   0.0105785      0.998904       
93670   0.0105146      0.999002       
93671   0.0101375      0.999226       
93672   0.0109504      0.999048       
93673   0.0105183      0.998887       
93674   0.0109693      0.998956       
93675   0.00987824     0.999316       
93676   0.0104606      0.998893       
93679   0.0105287      0.99881        
93680   0.0105675      0.999063       
93681   0.0104254      0.998991       
93682   0.0113141      0.998944       
93683   0.0109927      0.998896       
93684   0.0109038      0.999008       
93685   0.0109264      0.998894       
93686   0.0102985      0.999072       
93687   0.0104931      0.998898       
93688   0.0102904      0.998793       
93689   0.0105636      0.999081       
93690   0.0107474      0.999036       
93691   0.0110594      0.99915        
93692   0.0101009      0.999104       
93695   0.0100685      0.998969       
93696   0.0110811      0.999026       
93697   0.0107085      0.998824       
93698   0.0106719      0.999397       
93592   0.0105251      0.999151       
93594   0.0091225      0.999037       
93595   0.00947689     0.999058       
93596   0.0105867      0.998865       
93598   0.0103157      0.999017       
93599   0.0100882      0.999315       
93600   0.0104178      0.999429       
93601   0.0106956      0.998769       
93602   0.0105268      0.999112       
93603   0.0102927      0.998972       
93605   0.0105057      0.998899       
93606   0.0107273      0.999421       
93607   0.00973458     0.998796       
93608   0.0104425      0.998917       
93610   0.0106145      0.999104       
93611   0.0110018      0.999222       
93612   0.0106618      0.999331       
93613   0.0103404      0.9992         
93614   0.0109904      0.99934        
93616   0.0102596      0.999099       
93617   0.0101019      0.99873        
93618   0.0108629      0.999294       
93620   0.0105533      0.998901       
93621   0.0110178      0.999323       
93622   0.00989664     0.999118       
93623   0.0105747      0.999074       
93624   0.0106037      0.999077       
93625   0.00946713     0.999303       
93626   0.00998507     0.999271       
93627   0.0111307      0.998972       
93628   0.0105214      0.998949       
93629   0.0104771      0.999139       
93635   0.0110019      0.998862       
93638   0.0103566      0.999256       
93641   0.0109678      0.99912        
93642   0.0107323      0.999093       
93643   0.0111556      0.99899        
93775   0.0100295      0.998991       
93776   0.00997168     0.999041       
93777   0.0107007      0.999114       
93778   0.0111126      0.999013       
93779   0.00963935     0.999391       
93780   0.0100849      0.998751       
93781   0.0104247      0.998905       
93782   0.0107381      0.998987       
93783   0.0120592      0.999533       
93784   0.0105632      0.99893        
93785   0.0113115      0.999115       
93709   0.0125273      0.99892        
93710   0.0112023      0.999013       
93711   0.0110172      0.9993         
93712   0.010925       0.998894       
93713   0.0114615      0.999331       
93714   0.0115729      0.99906        
93715   0.0102535      0.999231       
93716   0.0104454      0.998964       
93717   0.010458       0.999268       
93718   0.0109543      0.998844       
93719   0.0116186      0.999454       
93720   0.0113499      0.999103       
93721   0.0115146      0.99906        
93722   0.0104778      0.998906       
93723   0.0125677      0.999144       
93724   0.0107634      0.999345       
93725   0.0106273      0.999069       
93726   0.0109494      0.999162       
93727   0.0105522      0.999141       
93728   0.0118994      0.999107       
93730   0.010771       0.999076       
93733   0.0108766      0.999161       
93734   0.0105665      0.998621       
93739   0.0110669      0.999653       
93740   0.0100941      0.999224       
93742   0.011899       0.998959       
93743   0.0116736      0.99899        
93744   0.0114312      0.998703       
93745   0.0115905      0.999072       
93746   0.0108489      0.999237       
93747   0.0111457      0.998957       
93751   0.00980392     0.999239       
93753   0.0136836      0.998798       
93754   0.0133536      0.99934        
93761   0.0115254      0.999316       
93762   0.00977467     0.999          
93765   0.0117857      0.998757       
93766   0.0123307      0.998728       
93767   0.0119479      0.999512       
93768   0.0112171      0.999512       
93769   0.0109988      0.999546       
93770   0.0116195      0.998704       
93771   0.0116483      0.999219       
93772   0.0109267      0.998851       
93773   0.0126249      0.999046       
93987   0.0104187      0.999293       
93988   0.01182        0.999096       
93989   0.0100119      0.999351       
93990   0.0109656      0.999249       
93991   0.0125349      0.999218       
93992   0.0104579      0.998946       
93993   0.0102808      0.999065       
93994   0.0111068      0.999127       
93995   0.0101536      0.999158       
93996   0.00942967     0.999131       
93997   0.0098383      0.999118       
93998   0.0105881      0.999503       
93999   0.0113317      0.999216       
94002   0.0113333      0.999425       
94010   0.0111594      0.999011       
94011   0.0102457      0.999098       
94012   0.00947384     0.999099       
94013   0.0107023      0.999166       
94014   0.0103577      0.998584       
94025   0.0148792      0.999663       
94026   0.014189       0.999446       
94034   0.0125444      0.998783       
94037   0.0122113      0.999106       
94038   0.0120927      0.999375       
94039   0.0141853      0.999163       
94042   0.0134396      0.998832       
94043   0.0144642      0.998981       
94044   0.0140155      0.999415       
94045   0.014586       0.999109       
94046   0.0129441      0.999379       
94047   0.0138471      0.999365       
94048   0.0121317      0.9985         
94049   0.0121933      0.998977       
94050   0.0137952      0.999087       
94051   0.0126509      0.998626       
94052   0.0136831      0.998953       
94054   0.0140442      0.999099       
94055   0.012618       0.999304       
94057   0.0128185      0.998934       
94058   0.012157       0.998959       
94060   0.0150539      0.999721       
94061   0.0133903      0.999414       
94062   0.0132951      0.99929        
94063   0.0122556      0.999122       
94064   0.0120092      0.999021       
94065   0.013429       0.999373       
94066   0.0127943      0.999373       
93823   0.0181253      1              
93828   0.0102881      0.998724       
93829   0.0187541      0.999591       
93830   0.0148649      0.999529       
93831   0.0181869      0.998513       
93832   0.0161246      0.998501       
93833   0.0192837      0.999008       
93834   0.0164622      0.998875       
93835   0.017294       0.998626       
93836   0.0252343      0.997268       
93839   0.0168472      0.998749       
93846   0.020033       0.998321       
93847   0.0135207      0.999286       
93849   0.0182362      0.998756       
93851   0.0157718      0.999639       
93855   0.0163504      1              
93856   0.0184203      0.998495       
93857   0.0207906      0.998462       
93858   0.0165037      0.998926       
93859   0.0297442      0.99894        
93860   0.0181245      0.999299       
93861   0.0187238      0.999122       
93862   0.0227498      0.998211       
93863   0.0185835      0.997491       
93864   0.0166006      0.999555       
93865   0.0144105      0.999252       
93867   0.0192882      0.999519       
93868   0.0379747      1              
93874   0.0191083      1              
93875   0.0172318      0.999503       
93876   0.0164913      0.999503       
93877   0.0142976      0.997794       
93878   0.0167151      0.998712       
93879   0.0159283      0.998201       
93881   0.0153387      1              
93882   0.0178232      0.999156       
93883   0.0145134      0.999496       
93884   0.0165026      0.998942       
93885   0.013992       0.999495       
93886   0.0159843      0.998484       
93887   0.0118906      1              
93889   0.0128945      0.998962       
93890   0.0158228      0.998715       
93891   0.013078       0.999586       
93892   0.0138987      0.999576       
93893   0.0208333      0.998914       
93895   0.017842       0.998983       
93896   0.0242826      1              
93899   0.0154134      1              
93900   0.0175691      0.998984       
93901   0.0149898      0.99959        
93902   0.0154762      0.998322       
93903   0.020558       1              
93904   0.0162375      0.999162       
93905   0.0147679      1              
93906   0.0186413      0.997815       
93907   0.0169443      0.99739        
93908   0.0152387      0.999389       
93937   0.0153617      0.997238       
93938   0.0244821      0.998494       
93940   0.0171801      0.998947       
93941   0.0192635      0.999484       
93942   0.0128786      0.998336       
93943   0.0158657      0.998786       
93944   0.0160462      0.997696       
93973   0.0132359      0.998431       
93975   0.0151246      1              
93976   0.0184309      0.998641       
93978   0.0128342      0.999665       
93979   0.0152136      0.996835       
93980   0.00762389     0.998878       
93981   0.0156398      0.995857       
93982   0.0141471      0.999277       
93983   0.0107084      1              
93984   0.0165877      0.998769       
93985   0.0198777      1              
3079    0.0134591      0.997015       
3080    0.0139058      0.997099       
3081    0.0125224      0.998218       
3082    0.0129675      0.997805       
3083    0.0129002      0.997534       
3084    0.0129799      0.997371       
3085    0.0114948      0.996302       
3088    0.0115742      0.994107       
3089    0.0114034      0.994798       
3090    0.0116394      0.995718       
3091    0.0115378      0.996633       
3096    0.0114656      0.996937       
3097    0.0116254      0.996074       
3104    0.011108       0.995835       
3105    0.0110984      0.995805       
3106    0.0108771      0.996493       
3107    0.0110059      0.996574       
3108    0.0112485      0.99728        
3109    0.0109386      0.997111       
3110    0.0103399      0.995425       
3111    0.0102656      0.995541       
3154    0.0119741      0.998701       
3155    0.0126742      0.998402       
3156    0.0126893      0.998275       
3157    0.011438       0.997591       
3158    0.0113421      0.997683       
3159    0.0112848      0.997501       
3160    0.0111129      0.997284       
3161    0.011487       0.997935       
3162    0.01065        0.997293       
3163    0.0114269      0.998488       
3164    0.0110084      0.998197       
3166    0.0108332      0.997776       
3167    0.0108757      0.997313       
3112    0.0120733      0.998913       
3113    0.0128156      0.998891       
3114    0.0132351      0.998552       
3115    0.0124142      0.99859        
3116    0.0112812      0.998353       
3117    0.0110681      0.998217       
3118    0.0107809      0.998218       
3120    0.0112841      0.998506       
3121    0.011618       0.998696       
3124    0.0109992      0.998543       
3125    0.0109538      0.998305       
3126    0.0101905      0.99792        
3127    0.0107867      0.998079       
3171    0.0119098      0.998762       
3172    0.0119137      0.998817       
3173    0.0114623      0.998957       
3174    0.0115077      0.998576       
3175    0.0111285      0.998616       
3176    0.0114577      0.998851       
3177    0.0108607      0.998614       
3178    0.0115428      0.998663       
3179    0.0112954      0.998653       
3180    0.0107495      0.998648       
3181    0.0106232      0.998755       
3131    0.0115647      0.998651       
3132    0.0118649      0.998941       
3133    0.0128534      0.999074       
3134    0.0115967      0.998945       
3135    0.0110664      0.998969       
3136    0.0110631      0.998976       
3137    0.0104507      0.998835       
3138    0.0107871      0.999032       
3139    0.0107456      0.998859       
3140    0.00974022     0.999123       
3141    0.0110277      0.999021       
3142    0.0103955      0.998807       
3143    0.0103086      0.998721       
3144    0.0108324      0.998829       
93093   0.0118143      1              
93094   0.00912598     0.999237       
93095   0.0097209      0.998945       
93096   0.00959791     0.999046       
93097   0.0103377      0.999222       
93098   0.00998315     0.999084       
93099   0.0108799      0.999193       
93100   0.00802313     0.99901        
93101   0.0189873      1              
93102   0.0102282      0.997639       
93103   0.010295       0.998803       
93104   0.0104597      0.999784       
93105   0.00891106     0.999433       
93106   0.0100786      0.999256       
93107   0.0101583      0.999134       
93108   0.0101981      0.999402       
93109   0.00866824     0.999323       
93110   0.0109641      0.998284       
93114   0.0145208      1              
93115   0.011941       0.999598       
93116   0.00937007     0.999046       
93117   0.00937819     0.999304       
93118   0.00887279     0.999388       
93119   0.0105485      1              
93120   0.0106017      0.999346       
93121   0.0119359      0.999195       
93122   0.00985507     0.999823       
93123   0.0115385      1              
93045   0.00980441     0.999066       
93046   0.0137561      0.999644       
93047   0.0100353      0.999662       
93051   0.00883539     0.99875        
93052   0.00954563     0.998981       
93055   0.00938219     0.999253       
93056   0.0104449      1              
93057   0.0108956      0.999434       
93058   0.00922765     0.999532       
93059   0.00825761     0.999419       
93060   0.00887116     0.999165       
93061   0.00904636     0.998815       
93064   0.0102795      0.999724       
93065   0.00686527     0.999384       
93071   0.00937889     0.999333       
93073   0.0106007      0.999479       
93074   0.00891784     0.999374       
93075   0.0102166      0.998749       
93076   0.0111512      0.999318       
93077   0.00924609     0.999621       
93078   0.00888751     0.999055       
93079   0.00948304     0.999665       
93080   0.00829811     0.999199       
93081   0.00745077     1              
93082   0.00923142     0.999141       
93084   0.00897025     0.999224       
93085   0.010133       0.998113       
93088   0.00981595     0.999064       
93089   0.00703354     0.999341       
93090   0.00901581     0.999294       
93091   0.010277       0.998835       
93126   0.0102162      0.998969       
93127   0.00759181     0.99929        
93131   0.011274       0.998264       
93132   0.00967641     0.99927        
93133   0.00806452     0.998967       
93134   0.00816836     0.999416       
93135   0.00964269     0.999267       
93136   0.00973123     0.998852       
93137   0.00783848     0.999062       
93138   0.0124352      1              
93139   0.00550747     0.998817       
93140   0.0086698      0.99851        
93141   0.00854606     0.998647       
93143   0.00686741     1              
93144   0.00880644     0.999236       
93145   0.00915856     0.999117       
93147   0.00891702     0.999024       
93148   0.00851536     0.999149       
891     0.0123694      0.98682        
894     0.0118142      0.974412       
895     0.0119943      0.975503       
911     0.0124111      0.977716       
912     0.0121722      0.98186        
923     0.0121277      0.97376        
933     0.0113963      0.997714       
934     0.0114054      0.998095       
935     0.0116824      0.998431       
936     0.0118344      0.995824       
938     0.0119013      0.995087       
941     0.0107643      0.997445       
942     0.0109058      0.997361       
943     0.0108211      0.997505       
944     0.0108541      0.997411       
945     0.0105735      0.99735        
946     0.0109096      0.997642       
947     0.0107488      0.997796       
