93649   0.0101288      0.994389       
93650   0.0103455      0.995052       
93651   0.0101083      0.993153       
93652   0.00958168     0.994334       
93653   0.00999964     0.996246       
93654   0.0102806      0.994138       
93656   0.0105966      0.995101       
93657   0.0105357      0.994788       
93658   0.0102244      0.994991       
93659   0.0106622      0.995089       
93660   0.0100772      0.995243       
93661   0.00996512     0.995469       
93662   0.00996623     0.892247       
93667   0.0104211      0.893805       
93668   0.0103843      0.994659       
93670   0.0102148      0.995031       
93671   0.00983011     0.995375       
93672   0.0106297      0.993274       
93673   0.0103387      0.994703       
93674   0.0108663      0.993066       
93675   0.00966382     0.995519       
93676   0.010226       0.994007       
93679   0.0102322      0.993392       
93680   0.0101893      0.99447        
93681   0.0100846      0.993453       
93682   0.0110199      0.994564       
93683   0.0106071      0.99494        
93684   0.0106527      0.899807       
93685   0.010603       0.995327       
93686   0.0100117      0.995298       
93687   0.0102465      0.995753       
93688   0.0101086      0.994656       
93689   0.0102564      0.994747       
93690   0.0104077      0.994743       
93691   0.0107884      0.994659       
93692   0.00980801     0.99518        
93695   0.00987245     0.994755       
93696   0.0108126      0.99509        
93697   0.0102404      0.993747       
93698   0.0103988      0.995545       
93592   0.0102524      0.996409       
93594   0.00895274     0.995683       
93595   0.00931252     0.996482       
93596   0.0103469      0.995156       
93598   0.00996328     0.994558       
93599   0.00987386     0.995212       
93600   0.0100859      0.995029       
93601   0.0102443      0.994395       
93602   0.0100798      0.995501       
93603   0.00995108     0.995069       
93605   0.0101769      0.995591       
93606   0.010531       0.994008       
93607   0.00940105     0.99369        
93608   0.00998039     0.995475       
93610   0.0103556      0.995521       
93611   0.0106839      0.995575       
93612   0.010317       0.994367       
93613   0.010025       0.995281       
93614   0.0105967      0.994279       
93616   0.010077       0.995412       
93617   0.00995566     0.995046       
93618   0.0106421      0.995755       
93620   0.0104352      0.996125       
93621   0.0108149      0.996733       
93622   0.00961718     0.996058       
93623   0.0102572      0.996451       
93624   0.0102895      0.996277       
93625   0.00930604     0.996557       
93626   0.00981878     0.997125       
93627   0.0108557      0.89           
93628   0.0103224      0.928571       
93629   0.010153       0.993974       
93635   0.0106198      0.99417        
93638   0.0101304      0.995087       
93641   0.0106937      0.995315       
93642   0.0106671      0.996225       
93643   0.0109999      0.909091       
93775   0.00968611     0.996068       
93776   0.00976978     0.894535       
93777   0.0103365      0.996023       
93778   0.0107399      0.994831       
93779   0.00940826     0.996022       
93780   0.00973469     0.995143       
93781   0.0100858      0.994803       
93782   0.0104855      0.995096       
93783   0.0113479      0.995965       
93784   0.0102867      0.994597       
93785   0.0107733      0.994227       
93709   0.0121788      0.903614       
93710   0.0109534      0.996252       
93711   0.0107339      0.995885       
93712   0.0106747      0.995409       
93713   0.0112184      0.995685       
93714   0.0114202      0.995788       
93715   0.009896       0.995375       
93716   0.01033        0.995759       
93717   0.0102502      0.996079       
93718   0.0107534      0.994317       
93719   0.0112061      0.994619       
93720   0.0112018      0.99603        
93721   0.0111329      0.994986       
93722   0.010323       0.995871       
93723   0.0123147      0.939759       
93724   0.0105888      0.995971       
93725   0.0103257      0.996542       
93726   0.0108112      0.996004       
93727   0.0101749      0.995478       
93728   0.0115304      0.994113       
93730   0.0104519      0.995976       
93733   0.0105767      0.994403       
93734   0.0102309      0.994681       
93739   0.0108444      0.993761       
93740   0.00980991     0.995448       
93742   0.011661       0.994684       
93743   0.0111997      0.995348       
93744   0.0113066      0.993879       
93745   0.0112475      0.996285       
93746   0.0107735      0.994537       
93747   0.0107616      0.869231       
93751   0.00755786     0.818182       
93753   0.0131093      0.932203       
93754   0.0125177      0.99404        
93761   0.0112075      0.993588       
93762   0.00945763     0.994715       
93765   0.0111865      0.99264        
93766   0.0120007      0.992958       
93767   0.0112245      0.993239       
93768   0.0106813      0.99499        
93769   0.0105132      0.994837       
93770   0.0113275      0.993727       
93771   0.0113283      0.994303       
93772   0.0107108      0.993198       
93773   0.0122391      0.994215       
93987   0.0101749      0.99488        
93988   0.0113977      0.99385        
93989   0.00961164     0.99534        
93990   0.0106572      0.995119       
93991   0.0121669      0.996257       
93992   0.0103291      0.995428       
93993   0.0100039      0.995221       
93994   0.0107513      0.994518       
93995   0.00984769     0.996388       
93996   0.00913872     0.995885       
93997   0.00940586     0.99601        
93998   0.0100293      0.995782       
93999   0.0111278      0.996287       
94002   0.0109413      0.997533       
94010   0.0106941      0.996024       
94011   0.00982978     0.909722       
94012   0.00910731     0.996665       
94013   0.0104096      0.995783       
94014   0.0101121      0.995806       
94025   0.0145126      0.995449       
94026   0.0135865      0.995733       
94034   0.0120395      0.994924       
94037   0.0118691      0.992085       
94038   0.0115339      0.993996       
94039   0.0136565      0.991727       
94042   0.0122657      0.996114       
94043   0.0141408      0.994586       
94044   0.0131613      0.996443       
94045   0.0134322      0.993647       
94046   0.0125826      0.992142       
94047   0.0135098      0.995452       
94048   0.0113736      0.995719       
94049   0.0117442      0.995117       
94050   0.0133723      0.993293       
94051   0.0117336      0.993265       
94052   0.0127287      0.993689       
94054   0.0129151      0.990056       
94055   0.0120273      0.992485       
94057   0.0120342      0.995739       
94058   0.0116125      0.930769       
94060   0.0145009      0.994473       
94061   0.0126426      0.99475        
94062   0.012823       0.994829       
94063   0.0118238      0.993932       
94064   0.0113835      0.994834       
94065   0.0127353      0.994756       
94066   0.0120276      0.991334       
93823   0.0162644      0.875          
93828   0.00999584     0.961538       
93829   0.0182011      0.875          
93830   0.0115607      0.991612       
93831   0.0168283      0.988658       
93832   0.0150544      0.987464       
93833   0.0163196      0.991493       
93834   0.0160814      0.994172       
93835   0.0153167      0.986679       
93836   0.0220103      0.992788       
93839   0.0159509      0.989831       
93846   0.0187275      0.989414       
93847   0.0133454      0.993779       
93849   0.0167275      0.995548       
93851   0.0147828      0.994149       
93855   0.014566       0.988625       
93856   0.0176086      0.990186       
93857   0.019403       0.990816       
93858   0.0146417      0.995699       
93859   0.0267152      0.993915       
93860   0.0164131      0.993298       
93861   0.0181041      0.993019       
93862   0.0215755      0.991681       
93863   0.0168157      0.990944       
93864   0.0146317      0.988889       
93865   0.0136412      0.992808       
93867   0.0168462      0.990494       
93868   0.0334015      0.985401       
93874   0.0171614      0.990566       
93875   0.0153148      0.991185       
93876   0.0152914      0.988372       
93877   0.0139623      0.988157       
93878   0.0165678      0.989637       
93879   0.0147283      0.998273       
93881   0.0138829      0.996983       
93882   0.017183       0.989717       
93883   0.011611       0.994048       
93884   0.014758       0.986542       
93885   0.0130738      0.98392        
93886   0.0156161      0.988754       
93887   0.0121065      0.987805       
93889   0.0125147      0.992069       
93890   0.0143281      0.989813       
93891   0.012331       0.993671       
93892   0.0126885      0.987695       
93893   0.01849        0.990625       
93895   0.0147569      0.983202       
93896   0.0212443      0.994885       
93899   0.0147268      0.990066       
93900   0.0146327      0.990731       
93901   0.012981       0.987932       
93902   0.0150339      0.991319       
93903   0.017991       1              
93904   0.014876       0.98629        
93905   0.0137753      0.991441       
93906   0.01809        0.992847       
93907   0.0161149      0.991089       
93908   0.0137836      0.99505        
93937   0.0147133      0.993197       
93938   0.0201923      0.857143       
93940   0.0160509      0.991238       
93941   0.0175691      0.990586       
93942   0.0121242      0.988773       
93943   0.0131394      0.992302       
93944   0.0156454      0.98861        
93973   0.0122244      1              
93975   0.0126927      0.989933       
93976   0.0166373      0.982803       
93978   0.0117264      1              
93979   0.0154762      0.989754       
93980   0.00711974     0.991525       
93981   0.01213        0.99018        
93982   0.0128205      0.995671       
93983   0.0109244      0.98324        
93984   0.0156363      0.992586       
93985   0.0172009      0.980716       
3079    0.0133112      0.996004       
3080    0.0136964      0.996106       
3081    0.0124268      0.952295       
3082    0.0128333      0.996536       
3083    0.0127554      0.996539       
3084    0.0128484      0.996094       
3085    0.0113745      0.994634       
3088    0.0114615      0.992017       
3089    0.0113213      0.992845       
3090    0.0115283      0.994098       
3091    0.0114488      0.927044       
3096    0.0113754      0.995492       
3097    0.0115317      0.994588       
3104    0.0109783      0.992968       
3105    0.0109839      0.99297        
3106    0.0107781      0.993992       
3107    0.0109257      0.994136       
3108    0.0111397      0.92382        
3109    0.0108723      0.921337       
3110    0.010222       0.99346        
3111    0.0101628      0.993488       
3154    0.0118773      0.954914       
3155    0.0125426      0.997364       
3156    0.012563       0.996901       
3157    0.0113263      0.996136       
3158    0.0112369      0.996072       
3159    0.0112313      0.996849       
3160    0.0110397      0.996634       
3161    0.0113968      0.99659        
3162    0.0105986      0.996734       
3163    0.011342       0.924377       
3164    0.0108965      0.929633       
3166    0.0107386      0.995546       
3167    0.0107646      0.994692       
3112    0.0119616      0.95035        
3113    0.0126597      0.997802       
3114    0.0130875      0.997707       
3115    0.0122929      0.997667       
3116    0.0112001      0.996774       
3117    0.0109398      0.99761        
3118    0.0107278      0.997883       
3120    0.011191       0.997147       
3121    0.0115206      0.926843       
3124    0.0108449      0.926554       
3125    0.0108512      0.996208       
3126    0.0100792      0.996356       
3127    0.0106506      0.995836       
3171    0.0117416      0.938511       
3172    0.0118072      0.997739       
3173    0.0113579      0.998014       
3174    0.0113954      0.997476       
3175    0.0110303      0.997971       
3176    0.0113527      0.997666       
3177    0.010813       0.998504       
3178    0.011491       0.949219       
3179    0.011246       0.927419       
3180    0.0106188      0.996874       
3181    0.0105164      0.99656        
3131    0.0114149      0.951977       
3132    0.011663       0.997929       
3133    0.012767       0.998163       
3134    0.0114645      0.998076       
3135    0.0109544      0.997715       
3136    0.0109544      0.998208       
3137    0.0104173      0.998515       
3138    0.0107443      0.997973       
3139    0.0105717      0.936441       
3140    0.00953092     0.921136       
3141    0.010917       0.997591       
3142    0.0102589      0.997141       
3143    0.0101695      0.997644       
3144    0.0107149      0.996967       
93093   0.0118846      0.818182       
93094   0.00882705     0.998296       
93095   0.00932443     0.997829       
93096   0.00899404     0.999167       
93097   0.00995658     0.997819       
93098   0.00973665     0.998003       
93099   0.0105236      0.998363       
93100   0.00735294     0.9987         
93101   0.0175159      1              
93102   0.00794281     0.916667       
93103   0.00993545     0.99782        
93104   0.0103738      0.998554       
93105   0.00863529     0.998177       
93106   0.0098742      0.998141       
93107   0.010097       0.998684       
93108   0.00994625     0.997766       
93109   0.00838393     0.998411       
93110   0.00953107     0.965517       
93114   0.0126953      1              
93115   0.0113314      0.997525       
93116   0.00906881     0.998177       
93117   0.0084449      0.998508       
93118   0.00867263     0.998394       
93119   0.0101775      0.999672       
93120   0.0104997      0.9982         
93121   0.0116999      0.998335       
93122   0.00954793     0.998631       
93123   0.00970874     1              
93045   0.00947448     0.998721       
93046   0.0127089      1              
93047   0.00990316     0.999362       
93051   0.00853706     0.998252       
93052   0.0094333      0.998439       
93055   0.00917064     0.998925       
93056   0.00977708     0.942857       
93057   0.0103993      0.998491       
93058   0.0089211      0.998785       
93059   0.00803646     0.998162       
93060   0.00836683     0.998653       
93061   0.00834281     0.882353       
93064   0.0100389      0.997865       
93065   0.00691017     0.997265       
93071   0.00917552     0.998316       
93073   0.00927247     0.964286       
93074   0.00878375     0.998684       
93075   0.00906469     1              
93076   0.0109881      0.998938       
93077   0.00911773     0.998717       
93078   0.00875821     0.997491       
93079   0.00915301     0.99792        
93080   0.00811343     0.999006       
93081   0.0071582      0.999492       
93082   0.00915088     0.999127       
93084   0.00839174     0.99847        
93085   0.00828553     1              
93088   0.00926498     0.928571       
93089   0.00677148     0.998976       
93090   0.00886787     0.998917       
93091   0.00998483     0.997813       
93126   0.00998584     0.998226       
93127   0.00735251     0.998008       
93131   0.0102623      1              
93132   0.00951883     0.999284       
93133   0.00812523     0.998735       
93134   0.00793923     0.999148       
93135   0.00934135     0.9986         
93136   0.00920614     0.998627       
93137   0.00733934     0.998896       
93138   0.0115304      0.857143       
93139   0.00555556     1              
93140   0.0082202      0.997675       
93141   0.00838082     0.997471       
93143   0.00638638     0.916667       
93144   0.00849161     0.998942       
93145   0.00902804     0.997832       
93147   0.00850965     0.997802       
93148   0.00795723     0.998339       
891     0.0122313      0.917391       
894     0.0117135      0.972993       
895     0.0119281      0.97437        
911     0.0123128      0.97465        
912     0.0120675      0.979631       
923     0.0120875      0.972831       
933     0.0112937      0.996          
934     0.0113223      0.996663       
935     0.0115732      0.929761       
936     0.0117989      0.914894       
938     0.011743       0.913347       
941     0.0107141      0.996915       
942     0.0108341      0.996713       
943     0.0107432      0.996904       
944     0.0107633      0.996681       
945     0.0104221      0.99482        
946     0.0107956      0.994388       
947     0.0106436      0.994649       
