93649   0.0103969      0.998797       
93650   0.0106599      0.998854       
93651   0.010481       0.998718       
93652   0.00996284     0.999159       
93653   0.0102906      0.999535       
93654   0.0104981      0.998854       
93656   0.010986       0.999277       
93657   0.0108596      0.999164       
93658   0.0105216      0.998959       
93659   0.0108992      0.999127       
93660   0.0104017      0.999172       
93661   0.0103252      0.999047       
93662   0.0102795      0.981982       
93667   0.0106668      0.988506       
93668   0.0105785      0.999054       
93670   0.0105146      0.999266       
93671   0.0101375      0.999191       
93672   0.0109504      0.998711       
93673   0.0105183      0.998785       
93674   0.0109693      0.999051       
93675   0.00987824     0.999533       
93676   0.0104606      0.998887       
93679   0.0105287      0.998541       
93680   0.0105675      0.999447       
93681   0.0104254      0.998969       
93682   0.0113141      0.998821       
93683   0.0109927      0.998847       
93684   0.0109038      0.982993       
93685   0.0109264      0.998843       
93686   0.0102985      0.9993         
93687   0.0104931      0.999391       
93688   0.0102904      0.999042       
93689   0.0105636      0.999161       
93690   0.0107474      0.999028       
93691   0.0110594      0.998999       
93692   0.0101009      0.999004       
93695   0.0100685      0.999102       
93696   0.0110811      0.999401       
93697   0.0107085      0.998807       
93698   0.0106719      0.999317       
93592   0.0105251      0.998773       
93594   0.0091225      0.999036       
93595   0.00947689     0.998881       
93596   0.0105867      0.999107       
93598   0.0103157      0.99899        
93599   0.0100882      0.999413       
93600   0.0104178      0.999504       
93601   0.0106956      0.998678       
93602   0.0105268      0.999386       
93603   0.0102927      0.998905       
93605   0.0105057      0.999275       
93606   0.0107273      0.999663       
93607   0.00973458     0.998692       
93608   0.0104425      0.998973       
93610   0.0106145      0.99893        
93611   0.0110018      0.999374       
93612   0.0106618      0.999423       
93613   0.0103404      0.999331       
93614   0.0109904      0.999656       
93616   0.0102596      0.999362       
93617   0.0101019      0.998955       
93618   0.0108629      0.999508       
93620   0.0105533      0.999071       
93621   0.0110178      0.999486       
93622   0.00989664     0.999261       
93623   0.0105747      0.99911        
93624   0.0106037      0.999263       
93625   0.00946713     0.999205       
93626   0.00998507     0.999498       
93627   0.0111307      0.982955       
93628   0.0105214      1              
93629   0.0104771      0.999083       
93635   0.0110019      0.998775       
93638   0.0103566      0.999593       
93641   0.0109678      0.999036       
93642   0.0107323      0.998903       
93643   0.0111556      1              
93775   0.0100295      0.999344       
93776   0.00997168     0.989324       
93777   0.0107007      0.999209       
93778   0.0111126      0.998572       
93779   0.00963935     0.999421       
93780   0.0100849      0.999286       
93781   0.0104247      0.998941       
93782   0.0107381      0.999551       
93783   0.0120592      0.999496       
93784   0.0105632      0.999162       
93785   0.0113115      0.99916        
93709   0.0125273      0.957447       
93710   0.0112023      0.9991         
93711   0.0110172      0.999041       
93712   0.010925       0.998867       
93713   0.0114615      0.999266       
93714   0.0115729      0.999363       
93715   0.0102535      0.999377       
93716   0.0104454      0.998951       
93717   0.010458       0.999575       
93718   0.0109543      0.999095       
93719   0.0116186      0.999827       
93720   0.0113499      0.999147       
93721   0.0115146      0.998552       
93722   0.0104778      0.998718       
93723   0.0125677      0.981818       
93724   0.0107634      0.999175       
93725   0.0106273      0.999234       
93726   0.0109494      0.999251       
93727   0.0105522      0.999236       
93728   0.0118994      0.999388       
93730   0.010771       0.999414       
93733   0.0108766      0.998973       
93734   0.0105665      0.9989         
93739   0.0110669      0.998912       
93740   0.0100941      0.999172       
93742   0.011899       0.998791       
93743   0.0116736      0.999098       
93744   0.0114312      0.999232       
93745   0.0115905      0.999046       
93746   0.0108489      1              
93747   0.0111457      0.958333       
93751   0.00980392     1              
93753   0.0136836      0.965517       
93754   0.0133536      0.999639       
93761   0.0115254      0.999406       
93762   0.00977467     0.999293       
93765   0.0117857      0.999407       
93766   0.0123307      0.998662       
93767   0.0119479      0.999609       
93768   0.0112171      0.999568       
93769   0.0109988      0.99918        
93770   0.0116195      0.998315       
93771   0.0116483      0.998987       
93772   0.0109267      0.998768       
93773   0.0126249      0.999329       
93987   0.0104187      0.999064       
93988   0.01182        0.999081       
93989   0.0100119      0.99925        
93990   0.0109656      0.998918       
93991   0.0125349      0.999618       
93992   0.0104579      0.998823       
93993   0.0102808      0.999028       
93994   0.0111068      1              
93995   0.0101536      0.999398       
93996   0.00942967     0.999047       
93997   0.0098383      0.998946       
93998   0.0105881      0.998733       
93999   0.0113317      0.999437       
94002   0.0113333      0.99951        
94010   0.0111594      0.999264       
94011   0.0102457      1              
94012   0.00947384     0.999169       
94013   0.0107023      0.999855       
94014   0.0103577      0.99782        
94025   0.0148792      1              
94026   0.014189       1              
94034   0.0125444      0.9988         
94037   0.0122113      0.999475       
94038   0.0120927      1              
94039   0.0141853      0.999382       
94042   0.0134396      0.998946       
94043   0.0144642      0.999297       
94044   0.0140155      0.99913        
94045   0.014586       0.999126       
94046   0.0129441      1              
94047   0.0138471      0.999527       
94048   0.0121317      0.999263       
94049   0.0121933      0.999229       
94050   0.0137952      0.999615       
94051   0.0126509      0.999257       
94052   0.0136831      0.998627       
94054   0.0140442      0.999557       
94055   0.012618       0.998749       
94057   0.0128185      0.999396       
94058   0.012157       0.963415       
94060   0.0150539      0.999463       
94061   0.0133903      0.999259       
94062   0.0132951      0.999661       
94063   0.0122556      0.999622       
94064   0.0120092      0.999311       
94065   0.013429       0.999387       
94066   0.0127943      0.998871       
93823   0.0181253      1              
93828   0.0102881      1              
93829   0.0187541      1              
93830   0.0148649      0.998243       
93831   0.0181869      0.998267       
93832   0.0161246      0.998148       
93833   0.0192837      0.998236       
93834   0.0164622      0.997849       
93835   0.017294       0.998311       
93836   0.0252343      0.995556       
93839   0.0168472      0.99841        
93846   0.020033       0.998425       
93847   0.0135207      0.9993         
93849   0.0182362      0.998785       
93851   0.0157718      1              
93855   0.0163504      1              
93856   0.0184203      1              
93857   0.0207906      0.998106       
93858   0.0165037      0.998012       
93859   0.0297442      1              
93860   0.0181245      1              
93861   0.0187238      1              
93862   0.0227498      1              
93863   0.0185835      0.997585       
93864   0.0166006      1              
93865   0.0144105      0.999406       
93867   0.0192882      0.998198       
93868   0.0379747      1              
93874   0.0191083      1              
93875   0.0172318      1              
93876   0.0164913      0.998165       
93877   0.0142976      0.997301       
93878   0.0167151      1              
93879   0.0159283      1              
93881   0.0153387      1              
93882   0.0178232      1              
93883   0.0145134      1              
93884   0.0165026      0.998016       
93885   0.013992       1              
93886   0.0159843      0.994565       
93887   0.0118906      1              
93889   0.0128945      0.998741       
93890   0.0158228      0.996835       
93891   0.013078       0.998525       
93892   0.0138987      1              
93893   0.0208333      1              
93895   0.017842       1              
93896   0.0242826      1              
93899   0.0154134      1              
93900   0.0175691      1              
93901   0.0149898      1              
93902   0.0154762      1              
93903   0.020558       1              
93904   0.0162375      0.998476       
93905   0.0147679      1              
93906   0.0186413      0.997468       
93907   0.0169443      0.998102       
93908   0.0152387      1              
93937   0.0153617      0.993056       
93938   0.0244821      1              
93940   0.0171801      0.997955       
93941   0.0192635      1              
93942   0.0128786      1              
93943   0.0158657      0.998527       
93944   0.0160462      0.995536       
93973   0.0132359      0.947368       
93975   0.0151246      1              
93976   0.0184309      0.998405       
93978   0.0128342      1              
93979   0.0152136      0.996198       
93980   0.00762389     1              
93981   0.0156398      0.993958       
93982   0.0141471      1              
93983   0.0107084      1              
93984   0.0165877      1              
93985   0.0198777      1              
3079    0.0134591      0.997085       
3080    0.0139058      0.997323       
3081    0.0125224      0.986982       
3082    0.0129675      0.997815       
3083    0.0129002      0.997698       
3084    0.0129799      0.997354       
3085    0.0114948      0.996238       
3088    0.0115742      0.994071       
3089    0.0114034      0.994793       
3090    0.0116394      0.995797       
3091    0.0115378      0.975207       
3096    0.0114656      0.996924       
3097    0.0116254      0.996165       
3104    0.011108       0.99605        
3105    0.0110984      0.995701       
3106    0.0108771      0.996758       
3107    0.0110059      0.996437       
3108    0.0112485      0.986997       
3109    0.0109386      0.978723       
3110    0.0103399      0.995627       
3111    0.0102656      0.995749       
3154    0.0119741      0.989529       
3155    0.0126742      0.998541       
3156    0.0126893      0.99815        
3157    0.011438       0.997636       
3158    0.0113421      0.9977         
3159    0.0112848      0.997523       
3160    0.0111129      0.997356       
3161    0.011487       0.997823       
3162    0.01065        0.997376       
3163    0.0114269      0.982186       
3164    0.0110084      0.979213       
3166    0.0108332      0.997925       
3167    0.0108757      0.997438       
3112    0.0120733      0.989343       
3113    0.0128156      0.998927       
3114    0.0132351      0.998558       
3115    0.0124142      0.998716       
3116    0.0112812      0.998455       
3117    0.0110681      0.998282       
3118    0.0107809      0.99828        
3120    0.0112841      0.998557       
3121    0.011618       0.978689       
3124    0.0109992      0.989986       
3125    0.0109538      0.998285       
3126    0.0101905      0.998023       
3127    0.0107867      0.998216       
3171    0.0119098      0.977011       
3172    0.0119137      0.998681       
3173    0.0114623      0.999138       
3174    0.0115077      0.998721       
3175    0.0111285      0.998696       
3176    0.0114577      0.998759       
3177    0.0108607      0.99891        
3178    0.0115428      1              
3179    0.0112954      0.975          
3180    0.0107495      0.998686       
3181    0.0106232      0.998962       
3131    0.0115647      0.989691       
3132    0.0118649      0.999006       
3133    0.0128534      0.999041       
3134    0.0115967      0.9991         
3135    0.0110664      0.999037       
3136    0.0110631      0.999009       
3137    0.0104507      0.998884       
3138    0.0107871      0.999219       
3139    0.0107456      0.978102       
3140    0.00974022     0.989071       
3141    0.0110277      0.999274       
3142    0.0103955      0.999314       
3143    0.0103086      0.99891        
3144    0.0108324      0.998749       
93093   0.0118143      1              
93094   0.00912598     0.999602       
93095   0.0097209      0.999456       
93096   0.00959791     0.99966        
93097   0.0103377      0.999322       
93098   0.00998315     0.999257       
93099   0.0108799      0.999238       
93100   0.00802313     0.999223       
93101   0.0189873      1              
93102   0.0102282      0.857143       
93103   0.010295       0.99864        
93104   0.0104597      0.999861       
93105   0.00891106     0.999836       
93106   0.0100786      0.999429       
93107   0.0101583      0.999204       
93108   0.0101981      0.999421       
93109   0.00866824     0.999421       
93110   0.0109641      1              
93114   0.0145208      1              
93115   0.011941       0.999688       
93116   0.00937007     0.998895       
93117   0.00937819     0.999383       
93118   0.00887279     0.999211       
93119   0.0105485      1              
93120   0.0106017      0.999368       
93121   0.0119359      0.999694       
93122   0.00985507     1              
93123   0.0115385      1              
93045   0.00980441     0.999266       
93046   0.0137561      1              
93047   0.0100353      0.999774       
93051   0.00883539     0.999209       
93052   0.00954563     0.999246       
93055   0.00938219     0.999609       
93056   0.0104449      1              
93057   0.0108956      0.999779       
93058   0.00922765     1              
93059   0.00825761     0.999489       
93060   0.00887116     0.999132       
93061   0.00904636     1              
93064   0.0102795      0.99913        
93065   0.00686527     0.999638       
93071   0.00937889     0.998832       
93073   0.0106007      0.947368       
93074   0.00891784     0.999387       
93075   0.0102166      1              
93076   0.0111512      0.99979        
93077   0.00924609     0.9996         
93078   0.00888751     0.998904       
93079   0.00948304     0.999603       
93080   0.00829811     0.999296       
93081   0.00745077     1              
93082   0.00923142     0.998847       
93084   0.00897025     0.999278       
93085   0.010133       1              
93088   0.00981595     1              
93089   0.00703354     0.999588       
93090   0.00901581     0.999532       
93091   0.010277       0.999074       
93126   0.0102162      0.998546       
93127   0.00759181     0.999456       
93131   0.011274       1              
93132   0.00967641     0.999708       
93133   0.00806452     0.999306       
93134   0.00816836     0.999653       
93135   0.00964269     0.999289       
93136   0.00973123     0.999072       
93137   0.00783848     0.999534       
93138   0.0124352      1              
93139   0.00550747     1              
93140   0.0086698      0.999307       
93141   0.00854606     0.998609       
93143   0.00686741     1              
93144   0.00880644     0.999455       
93145   0.00915856     0.9996         
93147   0.00891702     0.999212       
93148   0.00851536     0.999234       
891     0.0123694      0.962359       
894     0.0118142      0.974086       
895     0.0119943      0.975612       
911     0.0124111      0.977768       
912     0.0121722      0.981902       
923     0.0121277      0.973884       
933     0.0113963      0.997555       
934     0.0114054      0.998092       
935     0.0116824      0.978866       
936     0.0118344      0.969492       
938     0.0119013      0.970437       
941     0.0107643      0.997525       
942     0.0109058      0.997472       
943     0.0108211      0.997667       
944     0.0108541      0.997554       
945     0.0105735      0.997572       
946     0.0109096      0.997426       
947     0.0107488      0.997804       
