93649   17897          17588          67             242            
93650   17739          17499          45             195            
93651   12819          12639          31             149            
93652   12124          11937          35             151            
93653   4457           4394           9              54             
93654   10614          10462          27             124            
93656   15566          15361          32             173            
93657   15926          15725          37             164            
93658   14656          14451          42             162            
93659   36097          35633          69             395            
93660   33244          32804          66             373            
93661   34254          33801          61             392            
93662   462            452            3              7              
93667   277            270            3              4              
93668   35472          35036          65             371            
93670   25043          24693          46             304            
93671   35283          34798          81             403            
93672   14335          14144          35             156            
93673   11681          11525          22             134            
93674   2113           2096           4              13             
93675   8708           8591           14             103            
93676   12836          12663          32             141            
93679   9723           9601           22             100            
93680   18474          18219          50             205            
93681   19879          19595          52             232            
93682   19806          19536          55             215            
93683   18636          18387          52             197            
93684   318            307            2              9              
93685   36078          35619          72             387            
93686   34861          34427          83             351            
93687   35044          34603          74             367            
93688   23347          23121          27             199            
93689   14613          14434          28             151            
93690   14716          14548          25             143            
93691   14142          13962          26             154            
93692   11279          11118          29             132            
93695   6789           6695           16             78             
93696   22151          21863          64             224            
93697   20623          20307          57             259            
93698   7507           7407           20             80             
93592   14083          13970          15             98             
93594   16852          16686          27             139            
93595   12746          12599          27             120            
93596   5667           5630           7              30             
93598   5970           5905           7              58             
93599   6871           6790           17             64             
93600   6213           6136           14             63             
93601   6886           6812           15             59             
93602   3305           3261           9              35             
93603   10272          10140          16             116            
93605   7010           6931           16             63             
93606   6128           6037           16             75             
93607   7005           6917           17             71             
93608   6013           5939           7              67             
93610   11363          11240          5              118            
93611   14573          14389          20             164            
93612   12375          12218          22             135            
93613   15207          15022          25             160            
93614   14845          14634          36             174            
93616   12826          12648          25             153            
93617   3889           3828           4              57             
93618   10394          10286          12             96             
93620   21877          21617          25             235            
93621   21814          21576          39             199            
93622   30245          29866          53             326            
93623   15988          15811          18             159            
93624   30427          30085          44             298            
93625   16558          16378          16             164            
93626   26413          26164          23             225            
93627   177            174            2              1              
93628   46             45             1              0              
93629   7788           7704           17             67             
93635   7415           7344           12             59             
93638   2492           2472           2              18             
93641   17840          17675          29             136            
93642   8343           8293           11             39             
93643   137            134            1              2              
93775   34255          33725          79             450            
93776   588            558            23             7              
93777   14118          13909          30             179            
93778   13696          13431          49             216            
93779   7056           6938           10             108            
93780   7113           6975           24             114            
93781   6755           6622           27             106            
93782   13737          13503          42             192            
93783   2040           2009           6              25             
93784   19635          19290          74             271            
93785   8538           8391           32             115            
93709   50             49             1              0              
93710   12538          12355          21             162            
93711   12768          12574          16             178            
93712   12642          12455          21             165            
93713   12530          12354          19             157            
93714   4748           4679           6              63             
93715   4990           4917           8              65             
93716   4885           4821           11             52             
93717   4836           4753           15             68             
93718   5669           5566           24             79             
93719   5866           5767           15             84             
93720   5989           5907           19             63             
93721   6416           6291           26             99             
93722   6354           6258           14             82             
93723   57             54             2              1              
93724   17354          17122          31             201            
93725   13241          13047          17             177            
93726   13563          13400          19             144            
93727   21281          21003          27             251            
93728   5033           4953           9              71             
93730   24145          23799          75             271            
93733   4975           4910           10             55             
93734   4651           4592           7              52             
93739   2765           2736           7              22             
93740   4948           4865           11             72             
93742   6720           6594           9              117            
93743   6806           6678           7              121            
93744   6602           6484           7              111            
93745   3204           3146           6              52             
93746   3231           3156           6              69             
93747   72             71             0              1              
93751   5              5              0              0              
93753   36             33             1              2              
93754   2836           2780           5              51             
93761   5209           5103           7              99             
93762   2887           2821           7              59             
93765   5159           5061           6              92             
93766   2309           2266           3              40             
93767   5206           5101           10             95             
93768   4746           4639           11             96             
93769   5021           4910           12             99             
93770   7243           7086           12             145            
93771   6095           5965           8              122            
93772   6662           6528           14             120            
93773   3104           3023           9              72             
93987   6532           6413           23             96             
93988   5579           5478           16             85             
93989   5454           5353           13             88             
93990   5742           5636           12             94             
93991   5411           5291           20             100            
93992   6947           6818           28             101            
93993   6367           6227           31             109            
93994   3218           3165           9              44             
93995   6773           6628           32             113            
93996   3250           3179           13             58             
93997   6792           6664           24             104            
93998   5662           5541           14             107            
93999   5452           5347           16             89             
94002   12405          12157          63             185            
94010   20635          20190          107            338            
94011   171            158            11             2              
94012   14835          14529          36             270            
94013   7112           6991           14             106            
94014   4696           4608           6              82             
94025   1004           985            4              15             
94026   1284           1256           4              24             
94034   850            0              6              0              
94037   1896           0              6              0              
94038   2821           0              6              0              
94039   1655           0              6              0              
94042   942            0              4              0              
94043   2829           0              10             0              
94044   2339           0              3              0              
94045   2329           0              4              0              
94046   2207           0              7              0              
94047   2133           0              5              0              
94048   2733           0              12             0              
94049   2682           0              7              0              
94050   2635           0              9              0              
94051   2696           0              8              0              
94052   2215           0              9              0              
94054   2232           0              6              0              
94055   2403           0              3              0              
94057   19773          0              93             0              
94058   87             0              8              0              
94060   5654           0              11             0              
94061   5404           0              17             0              
94062   2938           0              4              0              
94063   2636           0              9              0              
94064   2931           0              9              0              
94065   3297           0              23             0              
94066   2664           0              6              0              
93823   6              6              0              0              
93828   17             16             0              1              
93829   20             17             2              1              
93830   613            586            1              26             
93831   589            569            2              18             
93832   554            537            2              15             
93833   597            580            2              13             
93834   481            470            1              10             
93835   601            586            2              13             
93836   229            219            2              8              
93839   679            657            5              17             
93846   665            651            4              10             
93847   2876           2801           13             62             
93849   1641           1604           8              29             
93851   2841           2772           18             51             
93855   518            503            2              13             
93856   561            539            5              17             
93857   560            536            2              22             
93858   512            497            1              14             
93859   283            275            2              6              
93860   422            411            4              7              
93861   617            610            0              7              
93862   345            331            0              14             
93863   439            427            6              6              
93864   652            634            4              14             
93865   6881           6684           48             148            
93867   580            564            3              13             
93868   238            230            2              6              
93874   366            355            4              7              
93875   554            540            1              13             
93876   561            546            0              15             
93877   763            737            6              20             
93878   673            644            5              24             
93879   322            312            2              8              
93881   372            362            0              9              
93882   643            619            2              22             
93883   562            546            1              15             
93884   520            505            0              15             
93885   539            522            4              13             
93886   569            551            3              15             
93887   280            275            3              2              
93889   807            787            9              11             
93890   658            644            1              13             
93891   701            683            5              13             
93892   667            644            1              22             
93893   532            514            5              13             
93895   538            524            3              11             
93896   209            206            0              3              
93899   332            327            1              4              
93900   526            507            0              19             
93901   683            661            4              18             
93902   659            638            6              15             
93903   107            102            1              4              
93904   659            642            4              13             
93905   384            375            2              7              
93906   408            396            1              11             
93907   556            538            4              14             
93908   463            448            0              15             
93937   307            299            1              7              
93938   5              4              1              0              
93940   515            499            4              12             
93941   524            508            1              15             
93942   711            697            3              11             
93943   714            687            3              24             
93944   233            222            6              5              
93973   27             23             3              1              
93975   167            162            1              4              
93976   625            601            5              19             
93978   13             13             0              0              
93979   282            278            1              3              
93980   254            243            1              10             
93981   353            345            0              8              
93982   405            391            4              10             
93983   210            203            2              5              
93984   691            672            5              14             
93985   193            182            4              7              
3079    319069         317690         129            1250           
3080    124089         123528         46             514            
3081    2897           2883           1              13             
3082    212507         211714         79             713            
3083    38766          38620          12             133            
3084    175114         174416         72             624            
3085    151126         150610         60             455            
3088    233424         37065          32910          33051          
3089    223791         4003           58028          58718          
3090    254824         4339           65980          66981          
3091    2043           27             516            581            
3096    249090         248246         101            741            
3097    271828         270794         123            910            
3104    190065         189174         137            748            
3105    224588         223590         151            845            
3106    349354         347814         182            1356           
3107    63292          63010          35             246            
3108    4060           4038           6              16             
3109    650            643            2              4              
3110    386452         384596         235            1620           
3111    201514         200545         100            866            
3154    764            760            1              3              
3155    143839         143277         58             504            
3156    157877         157244         62             567            
3157    129777         129270         62             442            
3158    291303         290173         180            948            
3159    145245         144753         78             412            
3160    346376         345219         164            992            
3161    269952         268970         122            859            
3162    327903         327200         111            591            
3163    1223           1215           4              4              
3164    1337           1322           3              12             
3166    239462         238394         121            947            
3167    258451         257262         199            986            
3112    560            559            0              1              
3113    88907          88578          28             301            
3114    158188         157520         62             604            
3115    98597          98182          60             354            
3116    166925         166246         108            569            
3117    280803         279793         142            866            
3118    312497         311870         90             536            
3120    140429         139906         66             456            
3121    603            598            3              2              
3124    700            694            0              6              
3125    147564         146870         105            589            
3126    265774         264375         215            1178           
3127    164373         163585         155            633            
3171    87             86             0              1              
3172    45669          45495          14             160            
3173    55953          55720          34             198            
3174    98139          97721          91             326            
3175    120849         120430         79             339            
3176    105141         104707         72             362            
3177    138775         138441         47             284            
3178    159            158            0              1              
3179    196            195            0              1              
3180    48916          48704          33             178            
3181    50363          50110          74             179            
3131    97             96             0              1              
3132    57593          57370          31             192            
3133    78549          78226          39             282            
3134    66981          66689          56             236            
3135    91863          91410          105            348            
3136    109487         109028         85             374            
3137    114063         113775         45             243            
3138    84916          84558          74             283            
3139    137            134            1              2              
3140    183            181            2              0              
3141    58160          57864          63             233            
3142    32256          32106          16             134            
3143    96954          96397          151            406            
3144    94081          93533          196            352            
93093   7              6              1              0              
93094   5088           5036           29             23             
93095   7423           7349           38             36             
93096   6020           5918           76             26             
93097   5983           5883           78             22             
93098   6830           6771           27             32             
93099   6645           6595           6              44             
93100   5199           5152           25             22             
93101   4              4              0              0              
93102   12             7              5              0              
93103   5961           5909           39             13             
93104   7288           7222           40             25             
93105   6182           6077           87             18             
93106   12617          12422          142            53             
93107   8935           8833           60             42             
93108   10407          10305          52             50             
93109   10509          10395          66             48             
93110   18             13             5              0              
93114   10             9              1              0              
93115   3270           3240           22             8              
93116   3650           3598           41             11             
93117   1644           1617           21             6              
93118   3847           3786           47             14             
93119   1897           1880           14             3              
93120   4846           4795           31             20             
93121   3247           3220           15             12             
93122   4369           4330           3              36             
93123   5              1              4              0              
93045   13888          13607          257            24             
93046   31             21             10             0              
93047   13366          13321          18             27             
93051   11597          11374          201            22             
93052   10759          10634          94             31             
93055   10334          10214          92             28             
93056   26             19             7              0              
93057   4596           4544           37             15             
93058   3693           3615           67             11             
93059   9962           9727           208            27             
93060   4652           4594           42             16             
93061   10             6              4              0              
93064   2311           2291           13             7              
93065   2796           2726           62             8              
93071   5248           5134           104            10             
93073   26             18             7              1              
93074   9906           9804           69             33             
93075   16             14             2              0              
93076   4779           4734           35             10             
93077   10115          9986           106            22             
93078   5522           5400           113            9              
93079   5138           5027           100            11             
93080   5818           5754           51             13             
93081   2568           2547           19             2              
93082   11276          11249          14             13             
93084   4129           4079           35             15             
93085   7              5              2              0              
93088   10             8              2              0              
93089   4957           4920           34             3              
93090   10883          10768          94             21             
93091   5546           5428           103            15             
93126   4932           4851           66             15             
93127   5693           5515           160            18             
93131   7              5              2              0              
93132   3449           3406           34             9              
93133   4436           4312           115            9              
93134   5948           5760           168            20             
93135   7096           6975           111            10             
93136   5443           5350           77             16             
93137   6432           6416           11             5              
93138   8              4              4              0              
93139   4              4              0              0              
93140   2964           2905           49             10             
93141   2958           2862           87             9              
93143   13             8              5              0              
93144   20640          20240          368            31             
93145   5188           5031           150            7              
93147   7814           7708           87             19             
93148   2670           2585           76             9              
891     2208           1              689            706            
894     170517         45             55301          55478          
895     375928         84             122149         121745         
911     106450         25             34590          34600          
912     126002         24             40741          40891          
923     172419         57             56061          55755          
933     364798         363566         187            1042           
934     363929         362821         138            970            
935     2795           2781           1              13             
936     288            287            0              1              
938     1816           40             467            498            
941     797191         795296         240            1653           
942     552221         550569         231            1417           
943     176047         175495         82             470            
944     343997         343013         138            843            
945     168718         167841         113            764            
946     175041         174230         156            654            
947     156278         155575         83             618            
