93649   107153         105151         2              1998           
93650   108134         106145         3              1984           
93651   77726          76291          2              1431           
93652   72756          71370          1              1381           
93653   26887          26411          0              475            
93654   64905          63842          1              1062           
93655   58247          57227          2              1017           
93656   96959          95229          1              1729           
93657   99434          97682          3              1748           
93658   90358          88748          0              1608           
93659   144902         142420         7              2475           
93660   133776         131365         4              2407           
93661   136164         133806         3              2354           
93662   98961          97309          1              1651           
93667   59697          58590          2              1105           
93668   141985         139502         1              2482           
93670   100710         98775          2              1931           
93671   140959         138312         6              2639           
93672   88712          87086          2              1623           
93673   72746          71402          2              1341           
93674   12836          12627          0              209            
93675   54451          53357          2              1091           
93676   79246          77884          3              1359           
93679   59638          58635          2              1001           
93680   111837         109903         2              1931           
93681   120440         118278         4              2157           
93682   119954         117855         1              2097           
93683   113073         111055         1              2012           
93684   65781          64640          0              1140           
93685   144079         141552         4              2522           
93686   139709         137312         4              2392           
93687   139735         137347         3              2384           
93688   129384         127374         6              2002           
93689   90290          88737          3              1548           
93690   93049          91455          4              1589           
93691   89294          87823          2              1467           
93692   69807          68587          4              1215           
93695   42670          41931          2              737            
93696   133448         131153         3              2291           
93697   124555         122274         3              2277           
93698   44620          43810          2              808            
93592   50874          50162          2              708            
93594   60593          59762          0              830            
93595   46084          45406          0              677            
93596   32347          31894          2              450            
93598   34027          33559          1              466            
93599   39318          38749          1              568            
93600   35006          34521          0              484            
93601   39356          38759          0              597            
93602   18990          18636          1              353            
93603   58067          57039          1              1026           
93605   39398          38692          1              705            
93606   34589          33958          2              629            
93607   40187          39461          0              726            
93608   33661          33111          0              550            
93610   64787          63634          1              1151           
93611   82868          81403          3              1461           
93612   69781          68593          1              1186           
93613   85550          84014          2              1533           
93614   83407          81939          2              1465           
93616   72023          70722          1              1298           
93617   22344          21920          0              422            
93618   37818          37137          2              679            
93620   78788          77397          6              1385           
93621   79065          77689          3              1373           
93622   109838         107899         4              1935           
93623   57445          56474          3              968            
93624   109866         107972         5              1889           
93625   59771          58716          0              1054           
93626   110010         108250         5              1752           
93627   44109          43300          1              806            
93628   12184          11956          2              226            
93629   44086          43432          2              650            
93635   42213          41650          1              562            
93638   9021           8888           0              133            
93641   64513          63649          0              864            
93642   35441          35048          0              393            
93643   30267          29837          0              428            
93775   120888         118380         6              2500           
93776   161323         158344         6              2971           
93777   75062          73503          1              1558           
93778   73983          72422          5              1555           
93779   38056          37246          1              808            
93780   38698          37890          1              807            
93781   35029          34254          0              775            
93782   73663          72068          1              1594           
93783   10555          10342          2              211            
93784   104261         102173         4              2082           
93785   45227          44267          3              957            
93709   14532          14259          0              272            
93710   42164          41149          1              1014           
93711   43008          42131          1              876            
93712   42305          41461          3              839            
93713   42446          41630          1              815            
93714   24607          24191          3              412            
93715   25207          24740          1              466            
93716   25237          24763          1              471            
93717   24854          24362          4              487            
93718   29891          29382          1              508            
93719   30138          29548          0              590            
93720   31081          30530          1              550            
93721   33299          32615          0              684            
93722   33152          32504          0              647            
93723   16613          16334          0              279            
93724   58288          57177          3              1108           
93725   44825          43960          2              862            
93726   45609          44715          1              893            
93727   71936          70544          1              1391           
93728   25733          25240          0              493            
93730   42944          42071          0              873            
93733   25491          24997          2              492            
93734   23712          23274          0              438            
93739   14271          14002          0              269            
93740   25593          25085          0              508            
93742   23816          23201          2              612            
93743   24325          23669          0              656            
93744   23250          22641          1              607            
93745   11444          11136          1              307            
93746   11667          11356          1              310            
93747   28277          27788          4              485            
93751   2071           2033           0              38             
93753   10594          10357          0              237            
93754   15291          14902          0              389            
93761   27262          26474          2              786            
93762   15298          14890          0              407            
93765   27170          26479          1              690            
93766   11921          11615          1              305            
93767   27835          27081          0              754            
93768   24366          23712          0              654            
93769   26166          25434          1              731            
93770   37777          36746          0              1031           
93771   32544          31622          4              918            
93772   35254          34186          0              1068           
93773   15851          15387          0              464            
93987   29978          29276          2              700            
93988   25250          24675          0              575            
93989   25308          24702          0              606            
93990   26040          25407          1              632            
93991   25104          24455          0              649            
93992   32168          31429          2              736            
93993   29912          29167          0              745            
93994   14859          14505          0              354            
93995   31124          30369          0              754            
93996   15012          14650          0              362            
93997   31373          30625          1              747            
93998   26282          25630          0              652            
93999   24921          24324          1              596            
94002   22206          21612          0              594            
94010   37355          36283          2              1070           
94011   51770          50756          0              1014           
94012   45976          44764          0              1211           
94013   21936          21370          0              564            
94014   17053          16652          0              401            
94025   4997           4885           0              112            
94026   6037           5880           0              157            
94034   3983           0              1              0              
94037   9257           0              0              0              
94038   13045          0              0              0              
94039   7788           0              1              0              
94042   4162           0              0              0              
94043   12899          0              0              0              
94044   11001          0              0              0              
94045   10943          0              1              0              
94046   10557          0              0              0              
94047   10348          0              0              0              
94048   13060          0              1              0              
94049   12617          0              1              0              
94050   12442          0              0              0              
94051   13050          0              0              0              
94052   10843          0              1              0              
94054   10878          0              1              0              
94055   11593          0              0              0              
94057   35362          0              0              0              
94058   22582          0              1              0              
94060   18583          0              1              0              
94061   17804          0              0              0              
94062   9839           0              0              0              
94063   12954          0              0              0              
94064   13174          0              1              0              
94065   15414          0              0              0              
94066   12871          0              0              0              
93823   1861           1823           0              37             
93828   4742           4626           1              115            
93829   7393           7180           0              212            
93830   3624           3467           0              157            
93831   3456           3316           0              140            
93832   3523           3404           0              119            
93833   3453           3345           0              106            
93834   2989           2891           0              98             
93835   3771           3651           0              120            
93836   1334           1285           0              49             
93839   4012           3883           0              129            
93846   4056           3935           0              121            
93847   5441           5258           0              183            
93849   3216           3108           0              108            
93851   5410           5245           0              165            
93855   3301           3209           0              92             
93856   3463           3345           0              118            
93857   3310           3192           0              118            
93858   3164           3057           0              107            
93859   1597           1537           1              59             
93860   2452           2365           0              87             
93861   3900           3767           0              133            
93862   1921           1861           0              60             
93863   2723           2650           0              73             
93864   3887           3756           0              131            
93865   12913          12425          0              487            
93867   3536           3408           0              128            
93868   1417           1372           0              45             
93874   2112           2048           0              64             
93875   3433           3347           0              86             
93876   3403           3289           0              114            
93877   4664           4494           0              169            
93878   3998           3856           0              142            
93879   1939           1880           0              59             
93881   2255           2179           0              75             
93882   4057           3936           0              121            
93883   3387           3280           0              107            
93884   3332           3223           0              109            
93885   3389           3286           1              102            
93886   3451           3340           0              111            
93887   1634           1581           0              53             
93889   4994           4877           0              117            
93890   3954           3840           0              114            
93891   4160           4039           0              120            
93892   4121           3986           0              135            
93893   3182           3071           0              111            
93895   3391           3290           0              101            
93896   1296           1251           0              45             
93899   2052           1996           0              56             
93900   3368           3252           0              115            
93901   4247           4111           0              136            
93902   4067           3919           0              148            
93903   645            626            0              19             
93904   4174           4019           0              155            
93905   2281           2210           0              71             
93906   2334           2264           0              70             
93907   3327           3227           0              100            
93908   2840           2759           0              81             
93937   1931           1864           0              67             
93938   1009           988            0              21             
93940   3222           3134           0              88             
93941   3398           3297           1              100            
93942   4032           3935           0              97             
93943   4222           4080           0              142            
93944   1499           1449           0              50             
93973   4897           4785           0              112            
93975   1079           1048           0              31             
93976   3878           3737           1              140            
93978   4536           4431           0              105            
93979   1631           1584           0              47             
93980   1513           1474           0              39             
93981   2016           1958           0              58             
93982   2372           2299           0              73             
93983   1184           1147           0              37             
93984   4066           3935           1              130            
93985   1244           1204           0              40             
3079    1.69392e+06    1.68468e+06    107            9123           
3080    658039         654381         34             3617           
3081    1.3249e+06     1.31793e+06    76             6883           
3082    1.74759e+06    1.73854e+06    98             8940           
3083    317400         315715         16             1667           
3084    1.67052e+06    1.66174e+06    122            8646           
3085    1.19567e+06    1.1883e+06     85             7268           
3088    1.85686e+06    295551         258744         265397         
3089    1.77279e+06    31359          459616         464468         
3090    1.7038e+06     29384          442400         446803         
3091    872941         14595          228577         228440         
3096    1.67093e+06    1.66104e+06    104            9761           
3097    2.15787e+06    2.14483e+06    148            12873          
3099    2.02166e+06    2.00955e+06    113            11960          
3104    1.74721e+06    1.73321e+06    121            13846          
3105    2.07066e+06    2.05372e+06    155            16758          
3106    2.77625e+06    2.75399e+06    153            22079          
3107    504684         500608         36             4035           
3108    1.67656e+06    1.66309e+06    94             13354          
3109    261796         259736         19             2038           
3110    1.97299e+06    1.9557e+06     128            17154          
3111    1.02595e+06    1.01694e+06    54             8949           
3154    352842         350872         18             1948           
3155    1.07029e+06    1.06441e+06    66             5808           
3156    1.33439e+06    1.32707e+06    104            7202           
3157    934842         928812         70             5949           
3158    2.09608e+06    2.08277e+06    150            13140          
3159    562679         559707         26             2941           
3160    1.34474e+06    1.3378e+06     85             6843           
3161    1.67315e+06    1.6628e+06     99             10231          
3162    1.40911e+06    1.403e+06      110            5997           
3163    530622         526862         37             3719           
3164    604223         599159         27             5035           
3166    1.71814e+06    1.70372e+06    101            14302          
3167    2.13382e+06    2.11608e+06    173            17528          
3112    283578         281791         15             1771           
3113    601842         598466         32             3343           
3114    721638         717532         35             4065           
3115    743803         739659         52             4085           
3116    1.09092e+06    1.08362e+06    56             7236           
3117    1.01962e+06    1.01414e+06    65             5406           
3118    1.2401e+06     1.23469e+06    86             5317           
3120    807841         802655         55             5124           
3121    263307         261335         11             1958           
3124    320913         318027         15             2868           
3125    971098         962941         66             8081           
3126    1.16029e+06    1.14977e+06    75             10421          
3127    1.21315e+06    1.20296e+06    96             10078          
3171    48299          47952          2              345            
3172    251243         249692         11             1538           
3173    340263         338151         21             2088           
3174    566939         563026         67             3840           
3175    411317         408954         27             2332           
3176    544380         540593         34             3751           
3177    497855         495687         35             2128           
3178    77697          77060          6              631            
3179    101342         100442         6              892            
3180    286148         283655         20             2470           
3181    322738         319992         21             2720           
3131    54951          54573          3              375            
3132    291536         289740         15             1778           
3133    279984         278393         15             1570           
3134    368445         366117         24             2302           
3135    480459         477037         29             3391           
3136    349886         347810         21             2055           
3137    378881         377217         27             1634           
3138    400617         397881         32             2700           
3139    72698          72105          2              590            
3140    81287          80518          6              763            
3141    309583         306783         18             2776           
3142    171996         170497         6              1491           
3143    361382         358134         20             3223           
3144    546920         542122         38             4752           
93093   1146           1142           0              4              
93094   12882          12802          0              80             
93095   16085          15976          0              109            
93096   16816          16719          1              96             
93097   16627          16539          0              88             
93098   14824          14690          1              133            
93099   15154          15007          0              147            
93100   13296          13201          2              93             
93101   1210           1206           0              4              
93102   1222           1221           0              1              
93103   15196          15119          0              76             
93104   15752          15636          0              115            
93105   17102          17013          0              89             
93106   34543          34346          2              193            
93107   19450          19306          0              144            
93108   22796          22622          2              172            
93109   26727          26557          0              170            
93110   2510           2507           0              3              
93114   987            986            0              1              
93115   8161           8122           0              39             
93116   10325          10270          0              54             
93117   4680           4658           0              22             
93118   10583          10518          1              64             
93119   4062           4042           0              20             
93120   10301          10229          0              72             
93121   8362           8309           0              53             
93122   10008          9904           0              104            
93123   996            994            0              2              
93045   38022          37888          1              132            
93046   4090           4084           0              6              
93047   26329          26262          1              66             
93051   32215          32096          0              119            
93052   27480          27374          2              104            
93055   21565          21465          0              100            
93056   2490           2480           0              10             
93057   11539          11479          0              60             
93058   10335          10307          0              28             
93059   27639          27525          0              113            
93060   11744          11696          0              48             
93061   2539           2537           0              2              
93064   5925           5892           0              33             
93065   7778           7748           0              30             
93071   14548          14492          0              56             
93073   2710           2707           1              2              
93074   20737          20636          2              99             
93075   2349           2345           0              4              
93076   11870          11827          0              43             
93077   21487          21408          0              78             
93078   15357          15303          2              51             
93079   14474          14409          1              64             
93080   12244          12200          1              43             
93081   5399           5381           0              18             
93082   22641          22588          1              52             
93084   10431          10384          0              47             
93085   1497           1497           0              0              
93088   1577           1573           0              4              
93089   12348          12295          1              52             
93090   22699          22602          2              95             
93091   15170          15107          0              62             
93126   12810          12754          0              56             
93127   16151          16082          1              68             
93131   857            853            0              4              
93132   9113           9076           1              36             
93133   12834          12790          1              42             
93134   16738          16675          0              62             
93135   15989          15941          1              47             
93136   14363          14299          0              64             
93137   16106          16086          1              19             
93138   918            916            0              2              
93139   1216           1212           0              4              
93140   7667           7636           0              31             
93141   8528           8499           1              28             
93143   1838           1834           0              4              
93144   46421          46276          1              142            
93145   14913          14875          0              38             
93147   20515          20452          0              63             
93148   7707           7679           0              28             
891     931744         856            294010         295543         
894     1.01695e+06    286            329547         330971         
895     2.24291e+06    537            727259         729652         
911     1.0914e+06     278            353325         355715         
912     1.06772e+06    223            345767         347582         
923     909525         262            294149         295686         
933     3.0918e+06     3.07397e+06    136            17670          
934     2.6786e+06     2.66357e+06    80             14942          
935     1.41136e+06    1.40252e+06    53             8777           
936     160676         159654         12             1010           
938     1.00353e+06    17583          262267         264027         
941     3.73706e+06    3.71916e+06    145            17739          
942     2.57757e+06    2.56494e+06    100            12514          
943     799085         795168         29             3886           
944     1.60066e+06    1.59299e+06    54             7606           
945     1.19303e+06    1.18025e+06    45             12715          
946     1.88912e+06    1.87292e+06    67             16115          
947     1.61923e+06    1.60488e+06    50             14285          
