93649   64061          63181          143            737            
93650   64335          63543          133            658            
93651   46288          45697          102            488            
93652   43380          42845          76             456            
93653   16121          15941          26             154            
93654   38976          38521          82             373            
93656   57844          57128          112            604            
93657   59029          58318          100            611            
93658   54017          53419          77             519            
93659   84080          83148          140            792            
93660   77734          76824          125            784            
93661   79205          78257          122            826            
93662   61429          60677          122            630            
93667   36816          36347          81             388            
93668   82689          81767          126            796            
93670   58546          57810          94             641            
93671   82015          81000          148            865            
93672   53020          52379          97             544            
93673   43700          43175          73             452            
93674   7804           7711           12             81             
93675   32594          32147          68             378            
93676   47541          46974          82             485            
93679   35603          35221          55             327            
93680   66811          66034          131            646            
93681   71955          71082          145            728            
93682   71875          71022          152            701            
93683   67473          66658          128            684            
93684   40885          40343          92             449            
93685   83727          82786          123            817            
93686   81333          80395          155            782            
93687   81258          80379          135            744            
93688   75025          74277          123            624            
93689   53750          53128          95             526            
93690   55347          54738          90             519            
93691   53592          53003          102            486            
93692   41727          41242          72             413            
93695   25458          25168          44             246            
93696   79833          78925          141            766            
93697   74539          73620          158            760            
93698   26767          26448          59             260            
93592   30701          30447          35             218            
93594   36560          36253          45             262            
93595   27700          27414          47             239            
93596   19505          19344          31             130            
93598   20489          20315          17             156            
93599   23577          23353          41             183            
93600   21186          20979          37             169            
93601   23672          23450          31             191            
93602   11393          11258          18             117            
93603   35243          34826          55             361            
93605   23830          23559          50             221            
93606   20899          20666          26             207            
93607   24242          23979          40             223            
93608   20451          20219          35             197            
93610   39395          38985          47             362            
93611   50537          49958          87             491            
93612   42163          41687          68             408            
93613   51815          51242          78             495            
93614   50376          49793          95             487            
93616   43701          43165          84             450            
93617   13492          13329          24             137            
93618   22762          22529          24             209            
93620   47603          47094          50             459            
93621   47399          46906          68             425            
93622   66216          65493          96             627            
93623   34770          34414          33             323            
93624   66417          65714          89             614            
93625   36241          35837          52             352            
93626   68953          68272          66             612            
93627   27552          27243          33             275            
93628   7700           7612           11             77             
93629   26797          26547          48             202            
93635   25625          25437          26             162            
93638   5397           5346           8              43             
93641   38774          38446          55             273            
93642   22174          21991          34             149            
93643   18858          18691          28             137            
93775   72102          71106          149            845            
93776   105622         103937         398            1285           
93777   45871          45230          85             556            
93778   45106          44411          108            587            
93779   23416          23074          47             294            
93780   23690          23320          60             310            
93781   21395          21078          49             268            
93782   44995          44311          97             587            
93783   6504           6413           14             77             
93784   63521          62570          176            774            
93785   27638          27206          65             367            
93709   9445           9308           28             109            
93710   25514          25146          33             335            
93711   26041          25709          34             298            
93712   25636          25292          47             296            
93713   25672          25329          42             301            
93714   15096          14917          27             151            
93715   15683          15498          32             153            
93716   15543          15364          31             146            
93717   15229          15025          28             175            
93718   18381          18151          47             183            
93719   18514          18272          37             205            
93720   19186          18959          45             182            
93721   20466          20188          46             232            
93722   20346          20098          43             204            
93723   10714          10571          29             114            
93724   35354          34899          65             390            
93725   27239          26910          39             290            
93726   27665          27328          35             302            
93727   43501          42993          63             445            
93728   15859          15660          14             185            
93730   24145          23848          44             253            
93733   15675          15485          24             166            
93734   14649          14473          22             154            
93739   8763           8656           20             87             
93740   15750          15547          29             174            
93742   13610          13384          17             208            
93743   14132          13889          25             218            
93744   13325          13118          19             188            
93745   6539           6444           9              86             
93746   6694           6598           4              92             
93747   18598          18334          65             199            
93751   1337           1319           2              16             
93753   6761           6681           16             64             
93754   9185           9044           19             122            
93761   16282          16014          28             240            
93762   9157           8992           20             144            
93765   16385          16111          23             251            
93766   7145           7025           18             102            
93767   16788          16509          29             250            
93768   14652          14394          22             236            
93769   15717          15452          34             231            
93770   22784          22355          51             378            
93771   19509          19141          35             333            
93772   21327          20921          47             359            
93773   9583           9398           22             163            
93987   18827          18515          62             250            
93988   15907          15641          39             227            
93989   15741          15502          38             201            
93990   16348          16067          46             235            
93991   15751          15449          57             245            
93992   20232          19899          58             274            
93993   18608          18250          74             284            
93994   9443           9266           31             146            
93995   19452          19129          51             271            
93996   9489           9305           29             155            
93997   19743          19413          52             278            
93998   16465          16155          44             266            
93999   15636          15374          42             220            
94002   12444          12241          28             175            
94010   20723          20336          74             313            
94011   35650          34953          214            483            
94012   28284          27775          55             453            
94013   13327          13118          36             172            
94014   10768          10598          19             151            
94025   3006           2960           9              37             
94026   3706           3642           12             52             
94034   2491           0              15             0              
94037   5654           0              22             0              
94038   8131           0              30             0              
94039   4774           0              12             0              
94042   2577           0              6              0              
94043   7995           0              26             0              
94044   6891           0              27             0              
94045   6714           0              25             0              
94046   6441           0              15             0              
94047   6358           0              27             0              
94048   8075           0              19             0              
94049   7827           0              28             0              
94050   7710           0              26             0              
94051   8075           0              21             0              
94052   6745           0              22             0              
94054   6778           0              20             0              
94055   7218           0              14             0              
94057   19923          0              57             0              
94058   15772          0              95             0              
94060   10719          0              25             0              
94061   10286          0              25             0              
94062   5674           0              10             0              
94063   8142           0              30             0              
94064   8278           0              22             0              
94065   9608           0              37             0              
94066   8011           0              26             0              
93823   1290           1265           9              15             
93828   3264           3191           22             51             
93829   5131           4972           55             104            
93830   2195           2126           8              61             
93831   2083           2014           8              61             
93832   2068           2025           8              35             
93833   2079           2024           8              46             
93834   1805           1775           8              22             
93835   2253           2202           9              42             
93836   746            726            4              16             
93839   2448           2395           15             38             
93846   2427           2376           8              43             
93847   2924           2855           9              60             
93849   1675           1641           8              26             
93851   2859           2797           17             45             
93855   2035           1991           8              36             
93856   2066           2020           8              38             
93857   2014           1967           5              42             
93858   1933           1887           9              37             
93859   961            942            5              14             
93860   1462           1428           5              29             
93861   2336           2284           7              45             
93862   1177           1146           6              25             
93863   1617           1587           8              22             
93864   2292           2240           14             38             
93865   6895           6729           22             143            
93867   2144           2104           11             29             
93868   870            847            7              16             
93874   1289           1265           6              18             
93875   2044           2002           8              34             
93876   2075           2025           4              46             
93877   2868           2786           14             67             
93878   2430           2359           11             60             
93879   1141           1117           5              19             
93881   1351           1325           6              19             
93882   2451           2397           12             42             
93883   2040           1993           9              38             
93884   1964           1925           8              31             
93885   2044           2009           7              28             
93886   2063           2006           12             45             
93887   1000           979            5              16             
93889   2965           2916           17             32             
93890   2400           2349           10             41             
93891   2484           2434           8              41             
93892   2476           2419           11             46             
93893   1908           1849           16             43             
93895   2026           1983           13             30             
93896   759            739            7              13             
93899   1244           1223           3              18             
93900   2052           1997           9              46             
93901   2547           2491           11             45             
93902   2467           2407           15             45             
93903   367            360            1              6              
93904   2492           2435           14             43             
93905   1398           1375           8              15             
93906   1419           1383           2              34             
93907   1964           1923           9              32             
93908   1734           1692           13             29             
93937   1116           1087           5              24             
93938   688            676            7              5              
93940   1926           1889           12             25             
93941   2004           1964           7              33             
93942   2450           2404           11             35             
93943   2546           2479           10             57             
93944   893            868            10             15             
93973   3333           3239           36             58             
93975   637            626            3              8              
93976   2323           2263           7              53             
93978   3079           3008           18             53             
93979   974            955            5              14             
93980   907            884            6              17             
93981   1219           1200           3              16             
93982   1422           1398           5              19             
93983   731            717            4              10             
93984   2486           2425           10             51             
93985   697            675            4              18             
3079    826058         822789         300            2963           
3080    320887         319584         113            1189           
3081    743530         740927         262            2336           
3082    910546         907230         322            2989           
3083    165502         164897         68             536            
3084    897555         894199         344            3004           
3085    675303         672736         254            2307           
3088    1.04886e+06    166596         146799         148792         
3089    1.00087e+06    17734          259510         261541         
3090    955223         16458          248116         249911         
3091    503072         8419           132127         130972         
3096    934532         931138         353            3029           
3097    1.21716e+06    1.2126e+06     460            4088           
3104    958082         954070         471            3530           
3105    1.13684e+06    1.13203e+06    507            4287           
3106    1.50564e+06    1.4993e+06     662            5670           
3107    272953         271793         128            1031           
3108    951583         947659         399            3520           
3109    148522         147910         64             547            
3110    1.02666e+06    1.02209e+06    496            4072           
3111    534638         532193         251            2188           
3154    207356         206580         80             692            
3155    576130         573997         217            1916           
3156    735656         732799         303            2548           
3157    535054         532970         228            1849           
3158    1.20026e+06    1.19559e+06    542            4122           
3159    320558         319374         134            1046           
3160    765653         762981         312            2354           
3161    951065         947516         401            3140           
3162    835077         832607         358            2106           
3163    314942         313651         159            1131           
3164    353194         351731         160            1302           
3166    951204         947128         455            3618           
3167    1.19232e+06    1.18715e+06    638            4516           
3112    174767         174092         81             593            
3113    332728         331470         143            1115           
3114    368092         366606         167            1317           
3115    421683         420106         178            1396           
3116    637527         634961         297            2263           
3117    587879         585750         264            1863           
3118    747922         745798         304            1819           
3120    467741         465922         220            1595           
3121    162580         161906         86             586            
3124    195221         194396         96             729            
3125    551213         548845         297            2069           
3126    626974         623948         376            2640           
3127    696270         693222         432            2612           
3171    31343          31220          14             109            
3172    145497         144918         55             523            
3173    200235         199439         81             714            
3174    338015         336628         201            1184           
3175    239139         238275         113            749            
3176    321060         319731         167            1162           
3177    306701         305781         139            778            
3178    49828          49619          23             186            
3179    64206          63911          35             258            
3180    165582         164817         92             672            
3181    189344         188459         144            741            
3131    37569          37421          20             128            
3132    171749         171066         84             599            
3133    153484         152868         70             541            
3134    221493         220583         139            770            
3135    292189         290868         238            1083           
3136    205720         204891         127            702            
3137    237819         237087         118            613            
3138    241412         240421         155            835            
3139    48808          48599          33             176            
3140    54449          54174          44             231            
3141    183015         182132         141            741            
3142    101700         101233         59             408            
3143    200842         199832         186            823            
3144    328018         326471         340            1206           
93093   890            880            6              4              
93094   8074           8018           30             26             
93095   9691           9630           25             36             
93096   10858          10773          58             27             
93097   10696          10607          66             23             
93098   8875           8812           26             37             
93099   8812           8753           10             49             
93100   8309           8259           22             28             
93101   923            912            10             1              
93102   934            921            11             2              
93103   9432           9374           32             26             
93104   9364           9298           37             28             
93105   11006          10913          68             25             
93106   22194          21986          136            71             
93107   11668          11589          38             41             
93108   13675          13584          39             52             
93109   16703          16586          61             56             
93110   1928           1911           16             1              
93114   739            736            3              0              
93115   5067           5038           22             7              
93116   6568           6519           36             13             
93117   3018           2990           17             11             
93118   6828           6761           48             19             
93119   2443           2430           8              5              
93120   6184           6140           17             27             
93121   5183           5150           17             16             
93122   5700           5651           9              40             
93123   783            773            9              1              
93045   24442          24230          175            37             
93046   3069           3036           28             5              
93047   17918          17859          27             32             
93051   20823          20637          154            32             
93052   17184          17070          78             36             
93055   13671          13590          48             33             
93056   1866           1850           12             4              
93057   7287           7230           38             19             
93058   6733           6660           61             12             
93059   17932          17758          144            30             
93060   7428           7379           34             15             
93061   1854           1841           13             0              
93064   3727           3702           15             10             
93065   5098           5041           46             11             
93071   9391           9290           85             16             
93073   2085           2064           19             2              
93074   13004          12929          40             35             
93075   1741           1725           15             1              
93076   7567           7532           25             10             
93077   13446          13359          63             23             
93078   9979           9880           87             11             
93079   9385           9289           74             22             
93080   7553           7507           32             14             
93081   3357           3338           16             3              
93082   15343          15305          21             17             
93084   6724           6678           30             16             
93085   1166           1154           12             0              
93088   1178           1170           7              1              
93089   7752           7711           35             6              
93090   14339          14256          61             22             
93091   9785           9694           70             21             
93126   7989           7926           44             19             
93127   10339          10197          121            21             
93131   634            623            8              3              
93132   5690           5649           29             12             
93133   8108           8013           80             15             
93134   10763          10604          135            23             
93135   9803           9728           62             13             
93136   9016           8919           71             26             
93137   9820           9795           17             8              
93138   663            654            9              0              
93139   924            912            10             2              
93140   4818           4760           45             13             
93141   5413           5346           57             10             
93143   1346           1331           14             1              
93144   28063          27777          238            47             
93145   9501           9370           119            12             
93147   12608          12529          59             20             
93148   4946           4880           54             12             
891     502618         456            158208         159174         
894     561829         151            182126         182893         
895     1.23983e+06    284            402457         402813         
911     588567         163            190796         191800         
912     572644         107            185382         185907         
923     495396         146            160446         160702         
933     1.71047e+06    1.70497e+06    659            4825           
934     1.47484e+06    1.47021e+06    543            4087           
935     801408         798828         284            2295           
936     90674          90343          36             295            
938     566141         9985           148046         148537         
941     2.11145e+06    2.10573e+06    723            4989           
942     1.42947e+06    1.42505e+06    550            3857           
943     441973         440627         184            1162           
944     886198         883547         331            2315           
945     591037         588460         295            2279           
946     1.00365e+06    999847         505            3296           
947     854706         851369         352            2982           
