93649   64308          63301          219            788            
93650   64638          63677          224            737            
93651   46656          45957          151            547            
93652   43557          42918          137            498            
93653   16235          16013          41             181            
93654   38909          38384          128            396            
93656   58127          57280          194            653            
93657   59358          58504          182            670            
93658   54173          53452          152            567            
93659   84595          83502          206            887            
93660   78118          77050          205            862            
93661   79824          78739          186            899            
93662   61385          60475          230            680            
93667   36929          36339          146            444            
93668   83232          82143          199            890            
93670   58947          58115          143            688            
93671   82595          81412          222            960            
93672   53301          52519          161            621            
93673   43756          43130          128            498            
93674   7765           7666           18             81             
93675   32697          32184          100            412            
93676   47629          46973          131            525            
93679   35757          35293          95             369            
93680   67137          66206          223            708            
93681   72395          71377          218            800            
93682   72067          71046          238            783            
93683   68008          67060          206            738            
93684   40959          40327          144            487            
93685   84325          83185          217            922            
93686   81896          80816          224            856            
93687   81805          80754          213            838            
93688   75442          74560          187            694            
93689   54050          53327          158            564            
93690   55701          54994          135            571            
93691   53677          52994          150            531            
93692   41906          41332          123            450            
93695   25579          25229          77             273            
93696   80149          79054          250            845            
93697   75075          73973          240            861            
93698   26929          26540          97             292            
93592   30933          30648          51             233            
93594   36723          36367          69             287            
93595   27929          27599          64             266            
93596   19583          19374          55             154            
93598   20555          20341          35             178            
93599   23638          23363          64             211            
93600   21282          21029          60             192            
93601   23807          23549          50             208            
93602   11429          11265          30             134            
93603   35488          35012          79             396            
93605   23962          23642          75             245            
93606   20994          20717          50             227            
93607   24372          24070          68             234            
93608   20588          20321          47             220            
93610   39581          39083          83             414            
93611   50785          50123          118            543            
93612   42450          41892          107            451            
93613   51960          51292          124            543            
93614   50684          50023          134            526            
93616   43930          43315          113            500            
93617   13565          13375          32             157            
93618   22953          22690          38             225            
93620   47930          47318          80             532            
93621   47825          47271          95             459            
93622   66618          65785          147            686            
93623   34969          34560          57             352            
93624   66890          66112          129            649            
93625   36373          35911          70             392            
93626   69362          68595          103            662            
93627   27604          27236          59             307            
93628   7705           7605           19             81             
93629   27018          26724          75             219            
93635   25728          25490          52             186            
93638   5429           5376           12             41             
93641   39028          38653          78             297            
93642   22267          22065          44             158            
93643   19027          18814          53             159            
93775   72580          71398          232            948            
93776   105366         103248         726            1391           
93777   45918          45152          160            606            
93778   45434          44590          200            644            
93779   23430          23019          84             326            
93780   23648          23224          99             325            
93781   21382          20998          81             303            
93782   45250          44423          188            639            
93783   6537           6425           23             89             
93784   63810          62665          280            864            
93785   27628          27112          110            406            
93709   9429           9266           45             118            
93710   25747          25328          65             354            
93711   26111          25727          62             322            
93712   25714          25315          71             327            
93713   25826          25434          67             325            
93714   15110          14906          39             165            
93715   15831          15601          57             173            
93716   15663          15450          47             164            
93717   15264          15023          48             192            
93718   18431          18157          73             201            
93719   18629          18330          64             235            
93720   19217          18950          71             196            
93721   20576          20234          79             263            
93722   20413          20118          70             224            
93723   10686          10521          41             124            
93724   35686          35144          99             443            
93725   27238          26853          60             325            
93726   27865          27475          63             327            
93727   43670          43087          93             490            
93728   15909          15687          30             192            
93730   24169          23821          76             272            
93733   15743          15514          50             179            
93734   14692          14500          35             157            
93739   8764           8647           25             92             
93740   15728          15479          53             196            
93742   13694          13452          27             214            
93743   14133          13871          30             232            
93744   13344          13112          31             201            
93745   6581           6465           16             100            
93746   6667           6554           11             102            
93747   18568          18221          130            217            
93751   1335           1315           4              16             
93753   6757           6659           29             69             
93754   9261           9092           36             133            
93761   16421          16094          54             273            
93762   9194           9005           34             154            
93765   16417          16092          49             276            
93766   7218           7076           25             117            
93767   16744          16412          42             290            
93768   14654          14361          38             255            
93769   15764          15446          57             261            
93770   22876          22386          83             407            
93771   19630          19218          53             359            
93772   21357          20887          77             393            
93773   9659           9442           35             182            
93987   18802          18410          109            283            
93988   15821          15505          68             248            
93989   15699          15408          72             219            
93990   16315          15993          76             246            
93991   15703          15350          87             266            
93992   20359          19946          118            294            
93993   18611          18200          113            298            
93994   9376           9164           63             149            
93995   19397          19010          105            281            
93996   9418           9214           47             157            
93997   19692          19287          103            302            
93998   16465          16111          74             280            
93999   15649          15322          81             246            
94002   12421          12173          63             185            
94010   20665          20218          109            338            
94011   35299          34399          382            518            
94012   28342          27755          90             496            
94013   13445          13203          50             191            
94014   10783          10594          33             156            
94025   3019           2966           14             39             
94026   3692           3612           18             62             
94034   2488           0              22             0              
94037   5626           0              32             0              
94038   8062           0              45             0              
94039   4799           0              17             0              
94042   2585           0              14             0              
94043   7902           0              47             0              
94044   6870           0              32             0              
94045   6769           0              35             0              
94046   6482           0              35             0              
94047   6345           0              37             0              
94048   8039           0              41             0              
94049   7865           0              42             0              
94050   7708           0              47             0              
94051   8047           0              41             0              
94052   6722           0              31             0              
94054   6714           0              43             0              
94055   7225           0              30             0              
94057   19798          0              94             0              
94058   15573          0              190            0              
94060   10813          0              39             0              
94061   10308          0              50             0              
94062   5661           0              21             0              
94063   8021           0              45             0              
94064   8218           0              41             0              
94065   9645           0              71             0              
94066   8012           0              42             0              
93823   1270           1230           20             19             
93828   3248           3141           54             53             
93829   5087           4893           90             104            
93830   2213           2125           17             71             
93831   2100           2018           18             64             
93832   2056           2000           19             37             
93833   2076           2016           13             45             
93834   1813           1776           14             23             
93835   2244           2182           16             46             
93836   757            731            9              17             
93839   2466           2400           25             41             
93846   2440           2379           15             46             
93847   2880           2805           13             62             
93849   1645           1608           8              29             
93851   2844           2775           18             51             
93855   1989           1940           11             38             
93856   2049           1993           19             37             
93857   2009           1950           11             48             
93858   1915           1861           18             36             
93859   968            943            7              18             
93860   1470           1429           12             29             
93861   2341           2282           14             45             
93862   1154           1119           10             25             
93863   1625           1590           14             21             
93864   2318           2251           20             47             
93865   6888           6691           48             148            
93867   2130           2081           16             33             
93868   865            840            11             14             
93874   1295           1266           10             19             
93875   2063           2016           14             33             
93876   2070           2014           9              47             
93877   2813           2717           25             70             
93878   2416           2327           23             66             
93879   1148           1113           14             21             
93881   1356           1322           8              25             
93882   2435           2371           19             45             
93883   2044           1985           12             47             
93884   1940           1892           15             33             
93885   2036           1984           22             30             
93886   2039           1977           18             44             
93887   1015           990            9              16             
93889   2947           2890           28             29             
93890   2400           2335           22             43             
93891   2480           2416           18             45             
93892   2430           2357           23             50             
93893   1906           1840           21             45             
93895   2015           1967           13             35             
93896   783            761            10             12             
93899   1240           1211           9              20             
93900   2042           1974           17             49             
93901   2518           2444           23             51             
93902   2455           2384           25             46             
93903   388            378            3              7              
93904   2462           2388           22             52             
93905   1359           1332           15             12             
93906   1412           1371           8              33             
93907   1967           1914           19             34             
93908   1682           1636           15             31             
93937   1122           1086           12             24             
93938   683            664            11             8              
93940   1947           1901           18             28             
93941   1994           1941           13             40             
93942   2454           2402           16             36             
93943   2549           2472           17             60             
93944   897            867            14             16             
93973   3301           3187           51             63             
93975   662            645            6              11             
93976   2274           2206           12             56             
93978   3076           2985           38             53             
93979   969            946            8              15             
93980   916            891            7              18             
93981   1225           1204           6              15             
93982   1411           1383           10             18             
93983   722            701            6              15             
93984   2518           2435           30             53             
93985   693            668            8              17             
3079    833629         830318         319            2985           
3080    323822         322501         119            1201           
3081    750459         747826         276            2352           
3082    919112         915749         349            3009           
3083    167123         166510         73             539            
3084    905814         902420         366            3020           
3085    681372         678768         278            2320           
3088    1.05788e+06    168206         148174         149845         
3089    1.00953e+06    17901          262016         263437         
3090    963486         16644          250450         251748         
3091    507424         8512           133355         131968         
3096    943219         939769         382            3055           
3097    1.22834e+06    1.22368e+06    543            4108           
3104    966637         962504         559            3562           
3105    1.1473e+06     1.14235e+06    634            4308           
3106    1.51954e+06    1.51309e+06    747            5699           
3107    275554         274366         149            1038           
3108    960083         956062         468            3548           
3109    149932         149303         76             552            
3110    1.03601e+06    1.03133e+06    580            4097           
3111    539523         537022         293            2202           
3154    209341         208546         92             699            
3155    581981         579810         236            1934           
3156    742896         739988         342            2559           
3157    540204         538069         264            1864           
3158    1.21198e+06    1.20717e+06    654            4147           
3159    323747         322538         155            1050           
3160    773053         770317         356            2374           
3161    960290         956663         453            3166           
3162    843087         840580         382            2119           
3163    318007         316691         175            1140           
3164    356753         355241         205            1306           
3166    960116         955909         563            3641           
3167    1.20402e+06    1.19865e+06    804            4550           
3112    176484         175798         88             597            
3113    336026         334737         162            1127           
3114    371752         370241         183            1326           
3115    425877         424251         219            1404           
3116    643614         640941         382            2285           
3117    593724         591525         325            1872           
3118    755276         753114         334            1827           
3120    472358         470490         255            1609           
3121    164086         163389         106            589            
3124    197175         196313         129            733            
3125    556744         554279         382            2081           
3126    632962         629792         505            2655           
3127    702998         699780         586            2628           
3171    31640          31513          18             109            
3172    146931         146337         66             527            
3173    202281         201452         104            724            
3174    341400         339918         287            1193           
3175    241564         240643         161            758            
3176    324243         322856         217            1170           
3177    309731         308781         165            782            
3178    50337          50115          32             190            
3179    64916          64588          66             260            
3180    167260         166449         134            676            
3181    191316         190345         222            749            
3131    37973          37817          28             128            
3132    173511         172796         114            601            
3133    155111         154473         89             544            
3134    223778         222801         198            778            
3135    295314         293864         357            1093           
3136    207870         206989         178            703            
3137    240278         239512         150            615            
3138    243902         242834         227            840            
3139    49307          49083          47             177            
3140    55046          54740          75             231            
3141    184964         183990         228            745            
3142    102758         102236         113            409            
3143    202941         201805         309            826            
3144    331446         329664         567            1214           
93093   815            803            9              3              
93094   7956           7856           67             33             
93095   9573           9474           57             42             
93096   10638          10478          127            33             
93097   10431          10275          128            28             
93098   8813           8732           44             37             
93099   8748           8669           25             54             
93100   8155           8072           56             27             
93101   856            842            13             1              
93102   866            845            19             2              
93103   9276           9183           74             19             
93104   9336           9240           64             31             
93105   10771          10586          161            24             
93106   21843          21484          286            72             
93107   11677          11539          91             47             
93108   13517          13378          83             56             
93109   16432          16245          128            59             
93110   1773           1745           27             1              
93114   694            683            11             0              
93115   5023           4968           46             9              
93116   6393           6285           95             13             
93117   2917           2873           34             10             
93118   6650           6536           94             20             
93119   2446           2424           16             6              
93120   6183           6118           38             27             
93121   5011           4964           29             18             
93122   5700           5640           17             43             
93123   739            720            19             0              
93045   24003          23544          419            40             
93046   2867           2809           53             5              
93047   17821          17740          51             30             
93051   20356          19990          331            35             
93052   16878          16675          165            38             
93055   13546          13383          126            37             
93056   1742           1705           33             4              
93057   7154           7065           69             20             
93058   6542           6412           116            14             
93059   17548          17197          316            35             
93060   7272           7180           75             17             
93061   1716           1686           30             0              
93064   3658           3620           27             11             
93065   4978           4872           95             11             
93071   9199           8996           187            16             
93073   1961           1922           37             2              
93074   12907          12764          104            39             
93075   1624           1597           26             1              
93076   7404           7330           61             13             
93077   13379          13209          145            24             
93078   9697           9515           171            10             
93079   9146           8968           159            19             
93080   7584           7491           78             15             
93081   3364           3335           25             4              
93082   15189          15130          41             18             
93084   6517           6438           60             19             
93085   1078           1058           20             0              
93088   1087           1067           19             1              
93089   7653           7582           65             6              
93090   14306          14156          127            23             
93091   9629           9436           173            20             
93126   7888           7753           113            22             
93127   10133          9858           251            24             
93131   595            575            18             2              
93132   5548           5477           59             12             
93133   7937           7741           180            16             
93134   10574          10280          268            26             
93135   9707           9545           148            14             
93136   8876           8710           141            25             
93137   9633           9586           39             8              
93138   617            600            17             0              
93139   862            844            16             2              
93140   4782           4692           78             12             
93141   5313           5169           134            10             
93143   1248           1222           25             1              
93144   27974          27463          470            40             
93145   9284           9053           221            10             
93147   12455          12287          146            22             
93148   4830           4695           123            12             
891     506970         460            159746         160412         
894     566631         152            183878         184325         
895     1.25008e+06    288            406103         405991         
911     593734         163            192684         193338         
912     577519         107            187161         187339         
923     499705         147            162039         161981         
933     1.72734e+06    1.72171e+06    763            4854           
934     1.48922e+06    1.48449e+06    596            4127           
935     809200         806570         314            2315           
936     91556          91218          41             297            
938     571108         10072          149517         149737         
941     2.13156e+06    2.12575e+06    764            5036           
942     1.4435e+06     1.43898e+06    618            3890           
943     446489         445105         205            1179           
944     894727         892012         381            2328           
945     597318         594637         383            2295           
946     1.01398e+06    1.01e+06       645            3322           
947     863653         860196         449            3005           
