93649   29321          28600          119            602            
93650   29354          28679          90             584            
93651   21066          20570          77             419            
93652   19953          19465          73             414            
93653   7259           7097           23             138            
93654   17430          17075          48             306            
93656   25487          24926          68             493            
93657   26163          25627          69             467            
93658   24161          23604          68             488            
93659   60040          58820          132            1088           
93660   55308          54101          129            1077           
93661   56723          55596          121            1005           
93662   721            692            8              21             
93667   432            412            6              14             
93668   58861          57645          148            1068           
93670   41494          40539          91             864            
93671   58347          57055          153            1137           
93672   23365          22851          73             441            
93673   19156          18759          47             350            
93674   3474           3414           6              54             
93675   14420          14063          31             326            
93676   20959          20521          51             387            
93679   15945          15618          40             287            
93680   30445          29763          107            575            
93681   32698          31959          101            638            
93682   32581          31852          117            611            
93683   30671          29989          107            575            
93684   505            483            5              17             
93685   59623          58415          135            1073           
93686   58030          56842          150            1038           
93687   58153          56970          138            1044           
93688   40145          39505          46             593            
93689   24116          23636          55             425            
93690   24292          23801          69             422            
93691   23343          22866          49             428            
93692   18575          18153          50             372            
93695   11301          11062          28             211            
93696   36287          35528          127            632            
93697   33569          32789          116            664            
93698   12200          11925          38             237            
93592   22127          21782          34             310            
93594   26591          26184          51             356            
93595   20092          19738          41             312            
93596   9158           9007           13             138            
93598   9675           9509           20             146            
93599   11164          10947          33             184            
93600   9988           9820           25             143            
93601   11132          10912          31             189            
93602   5395           5267           12             116            
93603   16415          16081          31             303            
93605   11234          11007          28             199            
93606   9843           9608           29             206            
93607   11301          11046          27             228            
93608   9563           9371           16             176            
93610   18347          17990          18             339            
93611   23365          22858          46             461            
93612   19880          19491          34             355            
93613   24475          23946          46             483            
93614   23772          23261          64             446            
93616   20556          20097          55             404            
93617   6391           6228           18             144            
93618   16394          16080          23             291            
93620   34474          33806          51             617            
93621   34655          33988          58             609            
93622   47668          46708          82             878            
93623   25073          24613          34             426            
93624   47716          46789          80             847            
93625   26052          25564          42             445            
93626   39248          38621          37             589            
93627   297            281            5              11             
93628   84             77             3              4              
93629   12526          12280          39             206            
93635   11893          11688          22             183            
93638   3916           3847           7              62             
93641   28182          27729          51             402            
93642   12372          12244          16             112            
93643   229            224            1              4              
93775   55654          54294          155            1204           
93776   1051           974            55             22             
93777   23032          22449          63             520            
93778   22374          21733          85             556            
93779   11508          11200          36             272            
93780   11736          11409          51             276            
93781   10937          10592          61             284            
93782   22420          21746          89             585            
93783   3291           3206           18             67             
93784   32236          31386          138            711            
93785   13971          13602          61             308            
93709   84             81             2              1              
93710   19922          19373          36             513            
93711   20311          19799          37             475            
93712   20172          19704          41             426            
93713   20088          19650          33             405            
93714   7769           7593           17             159            
93715   7920           7729           15             176            
93716   7909           7727           21             160            
93717   7842           7647           26             169            
93718   9310           9087           40             183            
93719   9448           9189           32             227            
93720   9788           9562           27             199            
93721   10368          10068          37             263            
93722   10375          10095          35             245            
93723   87             83             2              2              
93724   27537          26950          56             531            
93725   21227          20743          33             451            
93726   21685          21202          45             438            
93727   34029          33228          58             743            
93728   8130           7924           19             187            
93730   40070          39105          147            818            
93733   7982           7779           17             186            
93734   7455           7285           13             157            
93739   4563           4453           15             95             
93740   8064           7845           28             191            
93742   11783          11430          25             328            
93743   11785          11418          14             353            
93744   11548          11178          22             348            
93745   5595           5415           12             168            
93746   5711           5512           11             188            
93747   129            122            5              2              
93751   11             9              1              1              
93753   59             55             1              3              
93754   4898           4723           13             162            
93761   8929           8593           14             322            
93762   4987           4806           16             165            
93765   8811           8535           16             260            
93766   3969           3841           12             116            
93767   8980           8664           23             293            
93768   8056           7765           20             271            
93769   8639           8336           19             284            
93770   12333          11917          24             392            
93771   10536          10146          26             364            
93772   11444          11001          40             403            
93773   5223           5015           21             187            
93987   10641          10288          55             298            
93988   8984           8729           32             223            
93989   9027           8751           23             253            
93990   9236           8949           29             258            
93991   8775           8467           36             272            
93992   11243          10901          47             295            
93993   10540          10169          55             316            
93994   5228           5066           23             139            
93995   11064          10672          51             341            
93996   5287           5099           30             158            
93997   11060          10722          39             299            
93998   9299           8993           37             269            
93999   8862           8590           29             243            
94002   20672          19985          133            554            
94010   34822          33619          208            995            
94011   301            267            25             9              
94012   23703          22957          67             679            
94013   11353          11022          26             304            
94014   7343           7121           10             212            
94025   1831           1770           7              54             
94026   2205           2126           8              71             
94034   1393           0              10             0              
94037   3300           0              17             0              
94038   4844           0              20             0              
94039   2820           0              13             0              
94042   1572           0              7              0              
94043   4835           0              26             0              
94044   3933           0              11             0              
94045   3978           0              7              0              
94046   3825           0              17             0              
94047   3727           0              9              0              
94048   4737           0              24             0              
94049   4544           0              19             0              
94050   4520           0              17             0              
94051   4616           0              17             0              
94052   3826           0              17             0              
94054   3938           0              9              0              
94055   4103           0              10             0              
94057   33183          0              199            0              
94058   145            0              14             0              
94060   10028          0              23             0              
94061   9606           0              23             0              
94062   5271           0              9              0              
94063   4587           0              16             0              
94064   4858           0              17             0              
94065   5563           0              38             0              
94066   4630           0              17             0              
93823   7              7              0              0              
93828   37             29             4              4              
93829   48             37             7              4              
93830   1144           1082           3              59             
93831   1114           1052           6              56             
93832   1101           1040           4              57             
93833   1104           1063           4              35             
93834   918            860            4              54             
93835   1179           1129           5              45             
93836   444            417            4              23             
93839   1247           1183           7              57             
93846   1269           1225           9              35             
93847   5155           4940           35             179            
93849   3011           2887           18             106            
93851   5122           4939           34             149            
93855   1011           970            4              37             
93856   1091           1030           6              55             
93857   1024           963            7              54             
93858   983            929            5              49             
93859   520            491            4              25             
93860   784            747            6              31             
93861   1204           1150           6              48             
93862   638            605            0              33             
93863   807            773            11             23             
93864   1248           1181           9              58             
93865   12217          11671          79             466            
93867   1093           1028           3              62             
93868   434            413            2              19             
93874   674            641            5              28             
93875   1073           1034           3              36             
93876   1069           1021           2              46             
93877   1434           1355           8              71             
93878   1222           1153           6              63             
93879   627            599            5              23             
93881   713            682            2              28             
93882   1246           1188           5              53             
93883   1066           1012           6              48             
93884   1018           960            4              54             
93885   1041           982            8              51             
93886   1123           1062           4              57             
93887   514            489            7              18             
93889   1589           1516           17             56             
93890   1229           1175           8              46             
93891   1330           1274           8              48             
93892   1289           1226           7              56             
93893   1016           968            6              42             
93895   1050           1006           4              40             
93896   405            389            0              16             
93899   638            613            2              23             
93900   1028           976            3              49             
93901   1338           1273           7              58             
93902   1245           1180           9              56             
93903   215            203            2              10             
93904   1288           1218           9              61             
93905   735            699            3              33             
93906   721            690            6              25             
93907   1088           1034           8              46             
93908   861            817            1              43             
93937   610            577            3              30             
93938   10             6              3              1              
93940   981            926            7              48             
93941   1009           962            4              43             
93942   1296           1252           6              38             
93943   1365           1299           4              62             
93944   474            445            9              20             
93973   41             36             4              1              
93975   320            305            1              14             
93976   1213           1148           8              57             
93978   25             22             2              1              
93979   507            489            1              17             
93980   499            477            3              19             
93981   637            609            1              27             
93982   741            708            5              28             
93983   377            360            4              13             
93984   1272           1217           9              46             
93985   399            375            7              17             
3079    667937         664174         273            3489           
3080    260110         258603         101            1403           
3081    7164           7097           7              60             
3082    430370         428142         160            2067           
3083    78153          77753          28             371            
3084    351269         349446         153            1667           
3085    266109         264702         123            1281           
3088    412027         65607          57702          58452          
3089    394627         7008           102328         103642         
3090    443351         7624           114802         116539         
3091    5613           78             1442           1559           
3096    434590         432433         181            1973           
3097    480160         477545         251            2357           
3104    358967         355991         250            2715           
3105    423256         419787         308            3156           
3106    656863         651492         334            5032           
3107    119186         118217         67             899            
3108    12025          11852          16             156            
3109    1880           1844           5              30             
3110    740997         734186         479            6328           
3111    385740         382274         206            3253           
3154    1971           1953           1              17             
3155    288086         286560         122            1404           
3156    314373         312719         133            1514           
3157    230171         228843         126            1198           
3158    516438         513498         324            2610           
3159    244234         243102         118            1012           
3160    582175         579534         295            2345           
3161    473135         470638         214            2280           
3162    517658         516304         194            1159           
3163    3416           3368           10             38             
3164    4240           4168           8              64             
3166    447666         443978         246            3440           
3167    485714         481760         400            3545           
3112    1571           1547           4              20             
3113    176712         175792         82             837            
3114    324037         322196         127            1709           
3115    194549         193435         141            971            
3116    297023         295242         217            1559           
3117    472865         470627         258            1978           
3118    491549         490295         167            1085           
3120    246966         245615         126            1222           
3121    1724           1703           4              17             
3124    2269           2225           2              42             
3125    273446         271207         193            2044           
3126    498503         493897         466            4129           
3127    306292         303782         322            2185           
3171    306            302            0              4              
3172    85357          84884          37             436            
3173    104431         103844         62             524            
3174    175236         174105         195            934            
3175    204035         202964         149            921            
3176    185441         184285         126            1028           
3177    216729         216098         85             542            
3178    521            515            1              5              
3179    733            721            0              12             
3180    90317          89602          76             637            
3181    93270          92529          138            601            
3131    359            353            3              3              
3132    108029         107389         66             571            
3133    147557         146749         82             723            
3134    125767         125030         117            620            
3135    163819         162691         232            896            
3136    184782         183675         195            912            
3137    177557         177013         86             457            
3138    149893         148977         138            776            
3139    485            463            10             12             
3140    640            618            11             11             
3141    107256         106279         147            828            
3142    59576          59076          59             441            
3143    179719         178004         317            1395           
3144    174764         173083         440            1240           
93093   12             9              3              0              
93094   8198           8080           55             63             
93095   12051          11884          74             93             
93096   9707           9467           166            74             
93097   9746           9530           145            71             
93098   11059          10890          66             103            
93099   11125          10998          16             111            
93100   8464           8338           55             71             
93101   12             10             1              1              
93102   19             12             7              0              
93103   9631           9517           63             50             
93104   11845          11651          103            90             
93105   10002          9789           153            60             
93106   20161          19732          287            141            
93107   14488          14263          113            112            
93108   17056          16797          115            144            
93109   17002          16755          120            127            
93110   37             27             10             0              
93114   20             15             5              0              
93115   5266           5196           41             29             
93116   6071           5929           101            40             
93117   2719           2660           42             17             
93118   6253           6123           91             39             
93119   3055           3017           25             13             
93120   7780           7665           62             53             
93121   5417           5341           33             43             
93122   7405           7312           9              84             
93123   16             10             6              0              
93045   22114          21552          480            82             
93046   63             47             16             0              
93047   18555          18469          32             54             
93051   18487          18023          389            75             
93052   17242          16994          171            77             
93055   15720          15471          181            68             
93056   50             35             15             0              
93057   7270           7164           68             38             
93058   5827           5680           127            20             
93059   15885          15460          346            79             
93060   7423           7307           79             37             
93061   22             15             7              0              
93064   3681           3635           27             19             
93065   4448           4317           109            22             
93071   8367           8158           176            33             
93073   46             30             15             1              
93074   15198          14955          166            77             
93075   32             23             9              0              
93076   7500           7393           72             35             
93077   15587          15326          196            64             
93078   8794           8571           187            36             
93079   8252           8024           180            48             
93080   8954           8822           99             33             
93081   3929           3858           58             13             
93082   15795          15735          27             33             
93084   6508           6413           63             32             
93085   14             10             4              0              
93088   17             12             5              0              
93089   7764           7671           63             30             
93090   16539          16284          177            78             
93091   8806           8565           197            44             
93126   7897           7737           119            41             
93127   9149           8802           297            50             
93131   12             9              3              0              
93132   5535           5446           65             24             
93133   7252           7002           228            22             
93134   9539           9212           282            44             
93135   11291          11026          230            35             
93136   8716           8553           126            37             
93137   10475          10445          18             12             
93138   15             8              7              0              
93139   18             17             1              0              
93140   4705           4601           83             21             
93141   4845           4659           167            19             
93143   34             21             12             1              
93144   32846          32060          683            101            
93145   8453           8162           264            27             
93147   12600          12384          164            52             
93148   4317           4158           140            19             
891     5748           3              1833           1859           
894     279694         79             90859          90974          
895     616788         150            200187         200134         
911     191008         44             61912          62155          
912     223933         47             72381          72763          
923     295949         91             95891          96075          
933     668234         664540         386            3305           
934     657705         654339         269            3093           
935     8147           8031           15             101            
936     864            852            0              12             
938     5501           111            1407           1496           
941     1.25013e+06    1.24675e+06    400            2977           
942     955940         951604         424            3905           
943     305030         303600         143            1286           
944     596931         594290         252            2384           
945     368939         364155         261            4520           
946     358295         354680         323            3287           
947     320956         317628         196            3128           
