93649   100787         98893          226            1667           
93650   101625         99788          223            1612           
93651   72997          71641          170            1185           
93652   68405          67106          150            1145           
93653   25280          24834          51             394            
93654   61178          60137          141            900            
93656   91217          89595          208            1414           
93657   93466          91879          168            1417           
93658   85106          83636          154            1314           
93659   136223         133877         265            2081           
93660   125759         123499         219            2040           
93661   127955         125768         219            1967           
93662   93276          91730          203            1343           
93667   56064          55027          149            888            
93668   133596         131270         230            2096           
93670   94754          92977          156            1619           
93671   132673         130231         234            2206           
93672   83483          81969          187            1326           
93673   68461          67248          125            1087           
93674   12124          11933          19             172            
93675   51268          50270          104            893            
93676   74618          73336          145            1137           
93679   56235          55317          95             823            
93680   105290         103465         230            1594           
93681   113363         111333         242            1787           
93682   113053         111047         272            1734           
93683   106428         104548         218            1657           
93684   61961          60905          136            919            
93685   135400         133071         230            2098           
93686   131396         129155         263            1977           
93687   131404         129158         247            1999           
93688   121882         120018         193            1669           
93689   84906          83450          177            1277           
93690   87546          86052          153            1341           
93691   83959          82586          168            1203           
93692   65731          64597          126            1008           
93695   40150          39463          74             613            
93696   125434         123300         263            1870           
93697   117343         115174         277            1891           
93698   42017          41251          110            656            
93592   47700          47050          70             578            
93594   56716          55964          81             671            
93595   43110          42480          72             558            
93596   30339          29922          51             365            
93598   31888          31467          45             375            
93599   36880          36351          64             465            
93600   32894          32438          59             396            
93601   36926          36365          60             501            
93602   17815          17489          34             292            
93603   54440          53497          91             851            
93605   36974          36317          82             575            
93606   32407          31840          45             522            
93607   37654          36989          63             602            
93608   31663          31152          55             456            
93610   60827          59783          88             955            
93611   77833          76488          147            1197           
93612   65461          64386          104            970            
93613   80307          78942          129            1235           
93614   78201          76839          150            1211           
93616   67662          66451          144            1065           
93617   20976          20568          49             357            
93618   35467          34855          47             565            
93620   73676          72433          90             1153           
93621   74026          72782          117            1127           
93622   102793         101052         156            1585           
93623   53717          52853          56             808            
93624   102983         101283         157            1543           
93625   56018          55048          92             878            
93626   103199         101610         128            1458           
93627   41413          40704          61             646            
93628   11478          11273          22             183            
93629   41492          40859          84             547            
93635   39560          39033          58             469            
93638   8392           8271           14             107            
93641   60301          59517          87             697            
93642   33258          32883          51             324            
93643   28477          28082          42             351            
93775   113747         111387         251            2107           
93776   154671         151444         678            2547           
93777   70826          69349          167            1310           
93778   69952          68435          186            1330           
93779   35944          35170          82             691            
93780   36559          35779          101            679            
93781   33038          32275          94             669            
93782   69600          68064          193            1343           
93783   9958           9753           28             177            
93784   98540          96503          291            1743           
93785   42741          41823          113            805            
93709   13801          13529          50             221            
93710   39588          38672          62             854            
93711   40357          39567          68             722            
93712   39657          38858          77             721            
93713   39746          38993          75             678            
93714   23196          22792          48             355            
93715   23802          23347          52             403            
93716   23745          23304          60             379            
93717   23371          22922          46             402            
93718   28157          27664          77             416            
93719   28431          27853          73             505            
93720   29194          28669          68             457            
93721   31371          30725          77             569            
93722   31194          30594          81             518            
93723   15773          15493          44             236            
93724   54682          53652          103            927            
93725   42088          41299          64             724            
93726   42805          41995          70             740            
93727   67415          66143          115            1157           
93728   24311          23855          34             422            
93730   40356          39521          86             749            
93733   24003          23555          39             409            
93734   22365          21948          39             378            
93739   13465          13207          31             227            
93740   24173          23698          55             420            
93742   22333          21757          46             529            
93743   22879          22281          36             562            
93744   21836          21284          38             513            
93745   10753          10489          14             250            
93746   10961          10686          17             258            
93747   27000          26476          106            418            
93751   1960           1921           5              34             
93753   10032          9813           24             195            
93754   14412          14035          39             338            
93761   25636          24944          52             640            
93762   14345          13967          34             343            
93765   25631          25001          40             590            
93766   11237          10958          30             249            
93767   26244          25553          49             642            
93768   22938          22352          40             546            
93769   24608          23933          64             611            
93770   35652          34682          88             882            
93771   30668          29831          64             773            
93772   33212          32231          84             897            
93773   14960          14523          41             396            
93987   28438          27741          105            592            
93988   23985          23428          67             490            
93989   24001          23436          60             505            
93990   24738          24133          74             531            
93991   23843          23208          90             545            
93992   30502          29784          102            615            
93993   28374          27642          115            617            
93994   14147          13787          56             304            
93995   29489          28765          89             634            
93996   14228          13866          43             319            
93997   29809          29087          82             640            
93998   24893          24270          78             545            
93999   23639          23080          69             490            
94002   20908          20311          68             529            
94010   35047          34008          133            906            
94011   50255          49027          337            891            
94012   43180          42079          95             1005           
94013   20652          20121          56             473            
94014   16039          15675          30             334            
94025   4747           4630           19             98             
94026   5705           5564           17             124            
94034   3789           0              21             0              
94037   8767           0              34             0              
94038   12453          0              50             0              
94039   7362           0              22             0              
94042   3945           0              10             0              
94043   12236          0              43             0              
94044   10515          0              36             0              
94045   10357          0              41             0              
94046   10038          0              31             0              
94047   9861           0              35             0              
94048   12417          0              37             0              
94049   12009          0              46             0              
94050   11824          0              48             0              
94051   12387          0              40             0              
94052   10345          0              39             0              
94054   10353          0              31             0              
94055   11046          0              28             0              
94057   33263          0              125            0              
94058   21971          0              153            0              
94060   17584          0              45             0              
94061   16872          0              41             0              
94062   9328           0              20             0              
94063   12405          0              40             0              
94064   12505          0              33             0              
94065   14694          0              61             0              
94066   12282          0              46             0              
93823   1792           1744           15             32             
93828   4601           4464           38             99             
93829   7207           6935           88             183            
93830   3447           3296           17             134            
93831   3290           3151           15             124            
93832   3352           3237           11             104            
93833   3288           3185           16             85             
93834   2856           2760           14             82             
93835   3590           3469           21             100            
93836   1262           1214           5              43             
93839   3832           3691           26             115            
93846   3870           3754           12             104            
93847   5154           4976           20             158            
93849   3031           2923           14             94             
93851   5116           4957           22             137            
93855   3126           3039           12             75             
93856   3282           3165           15             102            
93857   3164           3044           13             107            
93858   3022           2910           14             98             
93859   1532           1470           10             52             
93860   2335           2249           10             76             
93861   3689           3566           12             111            
93862   1828           1768           9              51             
93863   2572           2497           15             60             
93864   3690           3556           24             110            
93865   12141          11676          44             420            
93867   3377           3253           13             111            
93868   1344           1296           7              41             
93874   2001           1934           13             54             
93875   3247           3157           14             76             
93876   3249           3140           10             99             
93877   4444           4281           16             146            
93878   3777           3645           19             113            
93879   1838           1780           8              50             
93881   2138           2070           9              58             
93882   3834           3714           17             103            
93883   3222           3111           14             97             
93884   3163           3060           12             91             
93885   3242           3134           16             92             
93886   3309           3187           16             106            
93887   1561           1508           9              44             
93889   4750           4623           27             100            
93890   3765           3646           18             101            
93891   3964           3835           21             107            
93892   3926           3795           16             115            
93893   3033           2915           21             97             
93895   3219           3117           14             88             
93896   1245           1199           8              38             
93899   1942           1887           5              50             
93900   3213           3095           19             98             
93901   4018           3886           20             112            
93902   3872           3718           23             131            
93903   608            589            3              16             
93904   3986           3822           25             139            
93905   2173           2101           12             60             
93906   2215           2143           10             62             
93907   3163           3055           16             92             
93908   2701           2615           17             69             
93937   1847           1781           9              57             
93938   976            949            9              18             
93940   3091           2993           22             76             
93941   3211           3111           12             88             
93942   3829           3727           18             84             
93943   4029           3882           17             130            
93944   1429           1373           15             41             
93973   4747           4584           55             108            
93975   1014           983            4              27             
93976   3697           3559           14             124            
93978   4400           4273           31             96             
93979   1546           1503           6              37             
93980   1453           1410           10             33             
93981   1918           1857           10             51             
93982   2244           2172           11             61             
93983   1117           1083           4              30             
93984   3874           3745           17             112            
93985   1169           1123           8              38             
3079    1.56397e+06    1.55554e+06    584            7840           
3080    607511         604180         218            3106           
3081    1.23004e+06    1.22379e+06    459            5776           
3082    1.61607e+06    1.60778e+06    608            7675           
3083    293470         291894         116            1458           
3084    1.54146e+06    1.53341e+06    618            7414           
3085    1.10015e+06    1.09349e+06    441            6207           
3088    1.70962e+06    271590         238456         244348         
3089    1.63219e+06    28842          423100         427761         
3090    1.57212e+06    27120          408085         412572         
3091    810405         13553          212208         212223         
3096    1.54096e+06    1.53203e+06    597            8311           
3097    1.98498e+06    1.97316e+06    787            11009          
3104    1.60668e+06    1.59419e+06    805            11650          
3105    1.90409e+06    1.88902e+06    902            14145          
3106    2.5594e+06     2.53951e+06    1112           18756          
3107    465242         461593         207            3437           
3108    1.5535e+06     1.54155e+06    667            11259          
3109    242669         240828         111            1728           
3110    1.81214e+06    1.79666e+06    913            14555          
3111    942283         934219         446            7601           
3154    327965         326188         125            1647           
3155    988644         983343         391            4909           
3156    1.23125e+06    1.22455e+06    504            6186           
3157    861187         855729         391            5056           
3158    1.93082e+06    1.91864e+06    895            11272          
3159    515607         512853         204            2545           
3160    1.23227e+06    1.22582e+06    533            5911           
3161    1.54312e+06    1.53376e+06    667            8675           
3162    1.29382e+06    1.2881e+06     558            5151           
3163    493720         490337         236            3143           
3164    562087         557566         258            4261           
3166    1.58576e+06    1.5729e+06     805            12052          
3167    1.96571e+06    1.94989e+06    1051           14739          
3112    266228         264624         129            1474           
3113    557818         554761         258            2798           
3114    665399         661621         271            3502           
3115    690693         686868         337            3483           
3116    1.01207e+06    1.00535e+06    509            6200           
3117    936669         931651         439            4575           
3118    1.14125e+06    1.13626e+06    490            4497           
3120    748438         743706         354            4371           
3121    247404         245587         132            1682           
3124    301340         298731         153            2453           
3125    900847         893495         486            6855           
3126    1.06957e+06    1.06e+06       695            8853           
3127    1.12618e+06    1.11697e+06    719            8479           
3171    45868          45557          20             291            
3172    233963         232559         94             1308           
3173    317367         315439         136            1789           
3174    528600         524972         347            3275           
3175    378790         376599         185            2003           
3176    506444         502978         261            3203           
3177    459705         457654         217            1830           
3178    73903          73347          33             523            
3179    96369          95541          62             764            
3180    266925         264665         161            2096           
3181    301435         298909         239            2283           
3131    52994          52649          28             317            
3132    273024         271347         144            1530           
3133    258721         257243         119            1353           
3134    346066         343870         230            1964           
3135    450715         447446         389            2879           
3136    323201         321182         244            1775           
3137    351438         349843         192            1400           
3138    375314         372764         247            2299           
3139    70132          69573          54             504            
3140    78369          77645          75             649            
3141    290710         288079         237            2389           
3142    161298         159909         110            1278           
3143    335300         332197         347            2751           
3144    514118         509503         576            4032           
93093   1139           1123           12             4              
93094   12306          12187          50             69             
93095   15169          15027          44             98             
93096   16158          15969          114            75             
93097   15926          15744          107            75             
93098   13994          13834          51             109            
93099   14199          14054          21             124            
93100   12693          12575          43             75             
93101   1207           1190           14             3              
93102   1218           1203           13             2              
93103   14408          14306          47             54             
93104   14869          14709          67             92             
93105   16389          16198          123            68             
93106   33103          32699          239            163            
93107   18364          18173          67             124            
93108   21585          21358          78             149            
93109   25445          25210          91             144            
93110   2498           2472           24             2              
93114   980            973            6              1              
93115   7757           7691           36             30             
93116   9918           9803           72             42             
93117   4475           4418           36             21             
93118   10181          10050          78             53             
93119   3831           3799           15             17             
93120   9758           9661           33             64             
93121   7967           7896           25             46             
93122   9334           9231           14             89             
93123   994            982            11             1              
93045   36496          36086          305            104            
93046   4050           4011           34             5              
93047   24845          24753          36             56             
93051   30984          30623          273            88             
93052   26237          26018          134            85             
93055   20479          20306          93             80             
93056   2467           2445           16             6              
93057   11039          10933          59             47             
93058   9932           9814           96             22             
93059   26623          26294          235            93             
93060   11228          11129          60             39             
93061   2515           2495           20             0              
93064   5686           5635           27             24             
93065   7515           7412           79             24             
93071   14050          13872          135            43             
93073   2678           2652           24             2              
93074   19646          19472          90             84             
93075   2331           2305           24             2              
93076   11336          11246          53             37             
93077   20382          20206          112            63             
93078   14837          14648          146            42             
93079   13940          13767          121            52             
93080   11664          11558          71             35             
93081   5115           5069           33             13             
93082   21389          21318          34             37             
93084   9963           9875           49             39             
93085   1495           1480           15             0              
93088   1566           1550           15             1              
93089   11778          11682          59             37             
93090   21601          21417          109            75             
93091   14554          14386          117            50             
93126   12271          12149          76             46             
93127   15676          15410          210            56             
93131   855            842            10             3              
93132   8742           8666           47             29             
93133   12380          12192          157            31             
93134   16193          15926          216            50             
93135   15341          15192          112            37             
93136   13767          13613          103            51             
93137   15486          15448          23             15             
93138   912            902            10             0              
93139   1205           1188           14             3              
93140   7386           7293           69             24             
93141   8231           8102           108            21             
93143   1839           1814           22             3              
93144   44508          43974          424            108            
93145   14433          14220          184            29             
93147   19673          19504          118            51             
93148   7416           7302           91             23             
891     852838         790            268848         270686         
894     928099         251            300485         302246         
895     2.04679e+06    473            663443         665972         
911     993549         243            321194         323966         
912     975190         195            315545         317374         
923     828964         247            267870         269589         
933     2.81162e+06    2.79487e+06    1146           15585          
934     2.43724e+06    2.42319e+06    920            13121          
935     1.28924e+06    1.28103e+06    488            7719           
936     146989         146040         66             883            
938     919066         16110          240127         241811         
941     3.32582e+06    3.30981e+06    1198           14798          
942     2.34084e+06    2.32875e+06    927            11149          
943     725868         722108         318            3440           
944     1.45375e+06    1.44642e+06    552            6771           
945     1.0874e+06     1.07566e+06    550            11181          
946     1.72048e+06    1.70553e+06    882            14055          
947     1.4765e+06     1.46335e+06    676            12468          
